simulation_id,simulated_cumulative_return
1,0.9992846427866714
2,2.1995638785662073
3,6.352023826028389
4,4.610987143108265
5,11.157126827890119
6,5.350726327206777
7,28.28265866840272
8,0.7733317103222809
9,15.248681971836108
10,4.712910716467573
11,16.30169412553381
12,10.576542750801003
13,13.122031309131824
14,25.856455635833086
15,12.780658667960168
16,17.361766760284816
17,5.231495698381396
18,1.6938588099642966
19,10.380251953449934
20,0.3716321999607508
21,33.612598321764075
22,1.3954835174858338
23,-0.47275589440109733
24,8.429534728801592
25,4.471262218686171
26,14.875272737735989
27,17.081102905047345
28,0.5974591069649428
29,5.564364916737292
30,6.557012809433305
31,6.608677673018576
32,6.038493150205006
33,15.30264588721361
34,32.12729329586901
35,6.687539743909096
36,6.4677145946117225
37,1.6330303922148004
38,10.31432752157211
39,1.9486457268558175
40,5.898751939402858
41,10.847978950861307
42,25.19231012081453
43,6.08791944686862
44,8.748242337232721
45,1.8289571237970534
46,23.40158958003294
47,8.957133523919286
48,4.789899900791572
49,3.152453897613785
50,6.199204637922023
51,15.47510275787917
52,7.681747958369211
53,5.590497628998344
54,5.217580608894312
55,26.662596506849795
56,0.42130850401964376
57,16.373877362105834
58,3.3080879718476823
59,15.355925905446224
60,6.986977982103114
61,1.3622232014493802
62,2.3605385525202376
63,8.685086285303505
64,5.434782889092719
65,3.416739248082027
66,21.26226146019996
67,75.23340770253475
68,4.616357820462426
69,0.9772199442199955
70,4.652556394139297
71,1.1485282167305304
72,0.8325087780542578
73,23.63026832303865
74,3.81146433365164
75,12.044366086100837
76,42.40731987024669
77,28.500387272287654
78,8.99413779062005
79,4.055409384455394
80,4.880673803300089
81,17.00346529763723
82,14.247228111326649
83,2.832671745132239
84,1.1628045555310795
85,9.983854185006217
86,6.502385489377713
87,10.290044642296342
88,14.553981780468833
89,13.767791738709416
90,2.3857503082290537
91,0.8208213001290501
92,15.873921940953235
93,3.1346852541325676
94,45.78992331793401
95,2.8982419094329344
96,17.32442134395037
97,15.43827371992748
98,26.37941400908545
99,8.054069214468868
100,6.957164812757658
101,16.410502092301844
102,2.9691835236889843
103,4.576755198106657
104,2.0471350819398304
105,9.210706396045452
106,57.696074142393336
107,4.3581026609980995
108,18.261706481473187
109,20.801178764930384
110,1.8607550212943058
111,33.38586079649118
112,10.756472380317412
113,24.06258107626235
114,2.059171415375612
115,8.16062682465567
116,3.5413459480519416
117,1.9961398909761148
118,-0.24805778498566733
119,11.517111015809913
120,0.3875223625199525
121,2.073619735957385
122,3.471305148991947
123,2.9147071020569606
124,5.690576451516343
125,19.040213145403953
126,39.3648003969025
127,17.7876107017911
128,30.019422800262735
129,11.305736440472408
130,4.41869586842623
131,7.125032648237394
132,5.787035727576763
133,-0.18982374031074564
134,44.70974868716642
135,3.676570110560675
136,2.7952615530636935
137,3.3344536637034174
138,1.796038380775797
139,6.781833475491274
140,5.005567639318859
141,25.327777114661558
142,29.182488497344877
143,1.757101322770651
144,1.1726117048816267
145,28.676381417674893
146,1.9244405893603167
147,2.9858946978372938
148,5.037056066227361
149,25.439896218061456
150,1.1487941908601682
151,15.671739948189561
152,13.41008800155265
153,6.979787098857889
154,22.97250293308796
155,18.360919963178056
156,7.88780829372542
157,18.155027883028062
158,9.515991230513526
159,8.765613131515476
160,8.70822403253967
161,15.046426384515039
162,1.4473383885539655
163,2.8092326561710808
164,1.0548381744117485
165,4.948617196487185
166,7.588314904699733
167,2.6504400573019375
168,6.200481121999864
169,17.799377572325426
170,1.6549591639519823
171,3.424318295521202
172,0.907615369743122
173,7.611371954695942
174,4.627818411290525
175,1.0272181031974352
176,10.710593774761165
177,17.367823132025137
178,14.70683112752828
179,0.8325042684616237
180,6.5408806128316455
181,4.114990296905141
182,12.439975489578725
183,0.7484705904703538
184,14.895719043705853
185,0.5984779142899498
186,9.659087247927527
187,6.125377285755572
188,0.5173314762000253
189,1.9640757150798176
190,8.695374794279521
191,0.2840409992147202
192,6.718111127492562
193,12.769683544916601
194,16.180975742554864
195,7.042921443876794
196,8.520599105154023
197,25.5379919058053
198,11.15061493592245
199,3.1582977069010605
200,8.431411939245864
201,1.8599484136697544
202,2.8896385053361655
203,38.66045027551979
204,7.802793849914
205,21.08208804091125
206,0.8605145199994004
207,8.320117078594945
208,11.83236953938899
209,13.437111946947011
210,5.085892961311032
211,26.06813779057586
212,3.3822710192311645
213,5.549118449959633
214,7.535233421282399
215,7.0816208879876905
216,17.077640258150517
217,4.93176527617882
218,8.359930679018655
219,4.219015725494881
220,2.229752312646977
221,25.18092219496311
222,0.8572912828232334
223,43.51599566828102
224,0.0722674875552212
225,40.43740063493702
226,9.482958648179594
227,31.460877978444103
228,0.2871001873605446
229,0.6479085606167756
230,6.137899910047751
231,5.710334383628204
232,2.3687985358119255
233,2.128750132096234
234,24.822503483331616
235,11.525021576102514
236,7.5906245713406815
237,9.153302440309956
238,11.047083071280586
239,1.9483582182946864
240,1.1473222535025345
241,4.795741012751492
242,2.141493231401439
243,12.977475570767288
244,2.6932094928697596
245,58.49898420571898
246,4.169793102077077
247,3.9270345460029747
248,9.27029012208844
249,2.2150519043165504
250,16.317273155319512
251,2.8250911873129403
252,5.383412729616933
253,18.377611436988193
254,2.9911362416141984
255,1.8595984179057232
256,2.176580536478019
257,0.4730423103535098
258,4.718357937683808
259,6.016438167049198
260,2.1887221356666897
261,22.832343087085253
262,3.9521163863337527
263,0.12870445368324032
264,2.4456046605429114
265,11.758464105771056
266,23.344419647033885
267,1.1002388465428496
268,27.023839298971417
269,10.239175742027294
270,40.04430430615477
271,1.0607764568998264
272,33.688567188650566
273,36.73870264641264
274,1.5772261088175
275,11.024099648348619
276,34.7620921282927
277,21.573495769933352
278,9.856253114429933
279,4.307088236720665
280,11.58433340630218
281,4.8173756672824615
282,18.801997498764504
283,1.5974534401389746
284,0.7947161284217581
285,12.282773927363701
286,4.863062741771026
287,1.675287255652515
288,18.68543626476764
289,67.34809025948297
290,2.1129323337951678
291,12.726657214504886
292,8.034838138336278
293,13.027821297896992
294,3.1434043645322687
295,6.420498254075881
296,8.618390441647167
297,1.6342076434433825
298,4.468984649326699
299,0.765530361890286
300,11.023440440783446
301,3.9947115767962007
302,1.779509024303117
303,29.640061113534337
304,7.945049156167395
305,13.967626604442446
306,23.878785899243596
307,1.1595146448843683
308,3.339783205909617
309,9.01648978894816
310,3.6778199440406127
311,0.6384734882045345
312,3.484210893009137
313,23.15651792788414
314,0.5303384112674685
315,0.964626392523085
316,3.7118125619417572
317,3.3009710707127486
318,14.706758330201511
319,17.45786112353243
320,16.72965373148423
321,2.5652536895992943
322,15.566588202604121
323,24.12009959664895
324,1.0611943364265062
325,11.55986523917403
326,16.204670707148985
327,29.17969707323542
328,6.945151486456923
329,4.680271898384532
330,0.8153696648051781
331,3.1919452797973347
332,11.52364744943837
333,8.532210876687685
334,9.189946931074962
335,4.191478938689698
336,3.1867719170556783
337,10.392256064568596
338,10.535928769777199
339,16.3959278490514
340,12.262893725538692
341,9.657244460293025
342,1.5668419294355167
343,15.826724910967489
344,5.894711270515859
345,2.3995135818428412
346,7.03782491221878
347,17.654831406952376
348,12.64689439816233
349,43.266693776442054
350,1.3231478353164914
351,13.453753450647888
352,26.615210019746634
353,41.884465291400744
354,7.801738572397844
355,6.993807723303891
356,10.905612119705488
357,3.878372267307148
358,34.70729888936418
359,35.99952938357693
360,1.008425636658183
361,3.864029333802799
362,1.4896044430031634
363,9.421615764410934
364,1.6048456270730906
365,9.067370120202296
366,3.63937438034847
367,2.0927822634830533
368,2.9511920303877828
369,2.969141309067537
370,1.2425245355452432
371,12.736983360643368
372,14.613706701832253
373,0.15078659974673447
374,9.636628599350406
375,2.390319763960688
376,25.119509508569998
377,30.919475343104924
378,0.2667467438477965
379,7.146320708841391
380,2.0139491534012914
381,-0.2194721080535169
382,2.650696801997973
383,0.5932473669723071
384,11.484059584006808
385,7.4628662609468375
386,4.6516095394255625
387,9.978327526063422
388,15.612308975582172
389,2.2874611731474035
390,7.194667640272535
391,6.5190490977544275
392,15.22856250987972
393,2.3246273086453497
394,5.492516306974142
395,2.8076233993142896
396,25.222952645992446
397,5.161531666481003
398,2.2205963559736257
399,4.254909066277182
400,15.884687516627217
401,3.0090899394142445
402,5.8439008137103645
403,91.76013114354156
404,5.717376671864232
405,0.7878957108689676
406,13.098061030214835
407,2.768309615619418
408,27.962523020712467
409,53.6472456083475
410,55.118433737242036
411,105.62251251693517
412,3.836827081579229
413,3.6580511274068077
414,7.422206363997993
415,4.751535733906852
416,0.7649854191827549
417,4.440284591756458
418,4.103554755781679
419,5.586708919325034
420,0.9184341836976138
421,5.7394390194618685
422,11.584679241391383
423,7.727914377322355
424,16.353992766033745
425,20.543531546056062
426,4.520939751914286
427,6.454507632054336
428,1.8195278768037386
429,2.8851009371440557
430,7.998392714446735
431,11.748052673445342
432,8.172751170833072
433,43.261993195965495
434,2.678539229898387
435,1.9658698878169072
436,19.575706620159448
437,3.5623832070977404
438,4.0486425023061114
439,7.992773520343864
440,21.711526614286804
441,2.8310276401128602
442,18.501041406157714
443,8.225026223714993
444,27.62520783572399
445,3.381062783688161
446,10.163119629253547
447,7.085909544524111
448,27.598660161023012
449,3.841012872097196
450,12.96621994095801
451,8.81828685000586
452,1.5668346380208493
453,2.3180744552977104
454,3.336602839021862
455,40.12092771934531
456,37.138503602744905
457,0.778466109276337
458,2.0342327430668776
459,10.739781737738738
460,0.13172351216513212
461,1.6732439000737551
462,49.232504408681415
463,1.4419045550311012
464,8.29466482829967
465,0.6778110831742767
466,7.857677030116879
467,13.529343332841036
468,3.62542786920597
469,95.44552409484308
470,7.139042233461861
471,6.793747772930478
472,6.944844081809072
473,9.814289216789586
474,5.35876300593184
475,3.3866896965809654
476,3.3976133269676256
477,10.517630962850575
478,9.948400385664485
479,2.0193265646677183
480,2.4388926401921096
481,17.3515698592248
482,3.5423837896089645
483,1.6817796874753976
484,18.677672593645227
485,2.6231400112178735
486,6.198528338955749
487,4.6681057557722525
488,11.170209580263958
489,5.734348111352806
490,5.518229696098495
491,4.409910117202665
492,18.447000021096564
493,0.5370059685756258
494,2.3712316362636083
495,1.3253561663067355
496,2.6921340645931537
497,4.061668707614464
498,5.966925266594727
499,1.752103317817359
500,1.9522800370225986
501,10.884580317244929
502,6.099212448157489
503,3.785875641988753
504,2.7861784757067287
505,12.11388227532578
506,17.215195602089604
507,13.5098953552365
508,10.673422683377085
509,3.727163888404074
510,1.2932803869403229
511,2.1009027538326412
512,1.9226561002415354
513,1.1768355091474398
514,2.941180481024544
515,8.599357339842298
516,7.545779471005271
517,11.402308869433813
518,4.413451908745063
519,0.8293895086251958
520,4.060085386109665
521,36.01434085590576
522,1.3958275731983083
523,31.054898127757337
524,1.780484260298895
525,1.7125595705063872
526,16.310394998799392
527,16.39549011224927
528,-0.0582415489949533
529,13.178909672491688
530,3.221350095419611
531,5.552022862887047
532,10.181596297094721
533,10.47129928982921
534,3.670722523799618
535,2.2925527949315
536,2.212328842556929
537,3.8416466191022214
538,2.49284902783496
539,7.80239451531939
540,13.946909020902813
541,12.359743756341219
542,13.810647645926254
543,8.225680963984985
544,7.310761607527669
545,2.4065752631139254
546,4.373973346579955
547,24.968400349731294
548,0.5840841180894762
549,3.7732810827863457
550,4.525767514007979
551,4.32510657146287
552,4.102202996656991
553,8.992105870234477
554,-0.226602873675641
555,25.78067072976941
556,6.218209332721816
557,11.617934552913999
558,8.08751747364869
559,0.2659785015824736
560,16.979641722147534
561,10.586117874077619
562,14.304269803475758
563,1.7816352005426592
564,31.483387288011674
565,0.5100120851102207
566,6.450439682737056
567,8.887815972356849
568,5.266879117856601
569,8.305727230534297
570,4.401155796072697
571,43.88579746472923
572,9.080855371443812
573,-0.2042159867990593
574,8.479714884782137
575,11.417380539738275
576,11.886278016506068
577,10.282644608288033
578,1.1251509182849282
579,3.057025784341891
580,0.13148097408626677
581,2.914899207437474
582,1.5188934046834632
583,19.295160195729263
584,1.3045047657814688
585,5.4539708390514745
586,6.404093482863946
587,2.599242545934331
588,10.459210556234474
589,5.644120536751324
590,4.43198094966706
591,0.5271746833749162
592,2.8191328349267293
593,63.26802473321402
594,3.261608856672402
595,1.129445262971132
596,11.703113578761117
597,15.101645866515291
598,2.1641585166527495
599,5.302587520242581
600,26.414482560272074
601,8.83114865876988
602,1.7719487634962978
603,17.750545124098952
604,10.007750063423414
605,10.67085979719731
606,6.4403771506076595
607,16.511638865871014
608,8.443238666822861
609,5.784869300315414
610,4.1337276000981795
611,17.057569442735566
612,44.586017967251884
613,3.398510325405613
614,9.725136638142523
615,6.900360597865133
616,2.5799786920249606
617,0.669685360412314
618,2.432799335487412
619,8.112212295387979
620,4.240796677809584
621,9.675355009008006
622,2.1063736292113924
623,3.938815580512553
624,5.3000454808865065
625,15.510896914477497
626,15.748858743088354
627,6.537460203039135
628,11.664468878938616
629,3.002298736951194
630,8.027226190237835
631,13.563974736725708
632,16.362096620424673
633,15.649595162164328
634,2.080758418328599
635,2.0897649701523093
636,7.215225942782508
637,4.16395000491509
638,0.3464567097623071
639,13.843157734919162
640,2.3444736111340996
641,5.836627781722714
642,38.52811415815992
643,3.884008944516975
644,2.5221939929551924
645,3.8907245261831953
646,7.075192520803645
647,7.8993911791652405
648,9.925260928839021
649,40.39650238756654
650,31.318173569276315
651,15.197514746462703
652,22.3133573397738
653,21.717129419721076
654,2.4683909358009353
655,11.78419722653025
656,0.8540406854439628
657,9.571990566472016
658,5.675694757933082
659,1.645841140470214
660,12.050466731028148
661,3.3911021890982616
662,8.466378471828417
663,2.886481474370545
664,37.76084888261664
665,17.303433272237974
666,24.16504074985992
667,14.776097085327148
668,3.333024503576421
669,10.768316949297096
670,14.16376573205237
671,16.898734805532712
672,19.581022804095372
673,45.75864985241562
674,2.4319619109181816
675,2.7778581729007508
676,5.006143076286601
677,21.084400745883766
678,6.250750379277884
679,0.23905940080800714
680,2.5462961220479725
681,2.826913011894105
682,7.824490214632105
683,1.2472385512360586
684,5.752097685606126
685,1.1730110941529186
686,33.21016265474379
687,10.271462938966339
688,1.8537431725058278
689,23.860046654758445
690,1.2814109915920675
691,-0.29812256487811173
692,60.412079314034095
693,13.400888040236877
694,14.110213010459463
695,6.515801151244929
696,20.86182410069624
697,0.08959870557788085
698,16.493690661716965
699,2.496365648699101
700,10.934437320788277
701,0.8306373291267505
702,2.549319782902545
703,-0.4841527576767893
704,1.5391898889661524
705,10.631561963339443
706,15.280837673317643
707,74.39948677378923
708,2.500710560821169
709,5.788661477027601
710,7.562309289694766
711,44.30564268706661
712,5.8876536504327985
713,10.236847499226606
714,1.3866980361688162
715,64.64544198146329
716,49.82935440673533
717,19.33389386639874
718,16.212227658262364
719,9.77751707162092
720,5.07607084638614
721,1.204201450752979
722,0.7608190014539654
723,0.34722953933382444
724,5.237531757278775
725,7.965327286286271
726,14.67458165545055
727,6.248541758355176
728,-0.08151266075955546
729,1.8680133626407998
730,1.4612298685109197
731,1.68845868732425
732,13.578549842982811
733,4.411128342143415
734,8.5512644382432
735,15.743520485715546
736,2.2010207962725525
737,9.54073404751646
738,7.539626513576544
739,16.016846954404887
740,9.321040036886114
741,3.4132532242432054
742,6.045610334882615
743,26.168664002718863
744,2.6051175967830047
745,6.160943835229015
746,10.153478096671542
747,11.453790410302117
748,9.252323274566653
749,2.1388084068832014
750,2.2150086535159437
751,9.825445991914014
752,5.151056476240547
753,6.308264829208436
754,1.1271686721827114
755,8.421064259650878
756,4.929205171850041
757,14.046486742610401
758,5.533874012134816
759,15.017914941276318
760,0.6039856975273603
761,9.63845133467779
762,2.2474972405751146
763,5.833441497912879
764,8.854741089956788
765,12.219426530582776
766,2.8920014031571757
767,0.2539593951265946
768,3.2832510453545902
769,5.079845161389686
770,36.89181802831476
771,25.12439519077264
772,4.433450761426915
773,-0.04721401810521988
774,1.091352162029099
775,1.7703329645399892
776,8.851517990269953
777,10.13575059305783
778,5.324457386044688
779,9.721377525544668
780,4.8166752879239105
781,5.673965975054954
782,0.4072250137794377
783,4.971085649668638
784,4.238564238250856
785,12.968000081491443
786,35.70505752882073
787,12.934959601730894
788,8.48953630200053
789,1.5718110824473344
790,4.298425036135552
791,42.99644166367926
792,0.4219551404993875
793,3.2881873078768877
794,4.331758307096086
795,10.7793886427857
796,26.85264898604981
797,3.963094961654581
798,-0.38473576437425117
799,0.09723143445859427
800,4.017392225009171
801,33.281125111112715
802,18.702975544526
803,5.604847887457851
804,10.05815481336729
805,49.54930867490428
806,9.260532473038552
807,10.384011410197779
808,1.0753797640087743
809,12.098990215355645
810,17.998501342402765
811,10.025546866369366
812,16.188836336875855
813,34.35824194328511
814,4.0266742009278325
815,2.6047042655796857
816,12.26290667552233
817,1.3638985670731791
818,1.930609570825269
819,35.16771296223697
820,15.581362215494853
821,11.911462627630371
822,12.578246148352283
823,9.21687350333023
824,5.835718096253219
825,6.807697721254199
826,17.08313249246586
827,4.126114005380306
828,40.69619701475177
829,3.4599398440409885
830,15.3887200672901
831,41.1114006238823
832,6.797217336927133
833,21.416550156147213
834,75.87475284731715
835,0.534178135736043
836,2.524836358861417
837,4.713470368086839
838,3.091047634971249
839,3.8943757503065823
840,8.484965010663274
841,-0.6026643736898316
842,5.35823926368743
843,2.7772625948515253
844,103.78362062354769
845,13.337311519949711
846,0.7414493784813413
847,8.414267859897436
848,-0.09347167887168802
849,1.5125230133463705
850,1.118234375991747
851,28.47542497436677
852,22.75027136466672
853,1.900931462504728
854,3.1321064405542822
855,40.91126622243797
856,3.747203870723401
857,3.112853709327394
858,7.905778187596841
859,18.312065878073376
860,1.0379067023414859
861,1.0589454999764112
862,1.4834743854314532
863,5.848719844317888
864,2.3874622848333233
865,2.6198854651011843
866,6.906043126276546
867,3.983711639927016
868,32.21822715941213
869,12.567307296899546
870,15.518292323018807
871,3.3138541578311234
872,37.28646782814564
873,7.538399802001151
874,4.439091879569375
875,37.76873685887975
876,5.146447321822447
877,2.0571535985924942
878,4.5084528299799524
879,0.21178197567686402
880,6.890959748050283
881,6.057363978969036
882,-0.024177128855893883
883,0.9294123291272144
884,20.00103465582171
885,13.857572584102613
886,13.349634075771029
887,4.244443734477241
888,26.855300610786415
889,2.7959315460501704
890,10.012093288793025
891,4.042510464046944
892,2.0370456168866404
893,1.330951279471744
894,14.877212005999468
895,11.371685808322184
896,4.4170072130794775
897,2.0626244969784375
898,9.069143759787194
899,8.91127860416228
900,15.778312745306136
901,6.922569747466036
902,4.584511529202514
903,0.14798643887693827
904,1.6447268828925734
905,23.528557899808323
906,7.531001580706095
907,11.387882465672764
908,7.221190910461028
909,4.853190658801438
910,-0.06186219341889464
911,30.54669952013278
912,9.848729276128152
913,5.416398316977931
914,7.686931916772298
915,33.536370037927895
916,2.7854396174280676
917,4.98184317119464
918,53.55586295682048
919,1.9220945895430566
920,3.415788676424976
921,0.48240106434416996
922,1.5336139621085572
923,3.5991776147293115
924,2.524943123673086
925,1.369842917176823
926,3.07882597354894
927,1.8617324697310844
928,4.237804631799785
929,19.6877554489238
930,2.4879894304647325
931,3.904805673778896
932,17.2649807657359
933,11.134112351655478
934,16.807636987669575
935,11.191947610512456
936,4.584183855500229
937,2.7246004460743616
938,4.416943181380014
939,1.6911063751501405
940,8.135388914350122
941,6.74112428807102
942,9.061655203760864
943,87.10565319766997
944,2.622550167649026
945,13.380016036062207
946,9.6807414528182
947,35.04099404007009
948,0.02825971768192209
949,1.0619771933163906
950,10.427701207637872
951,4.305363115009404
952,4.363866201718771
953,8.811123404444455
954,31.16260848926094
955,7.339964105037714
956,20.611717755837287
957,9.149077328019215
958,11.601030338788496
959,1.657448797674571
960,51.721148896722276
961,15.908261150698396
962,30.53267865474408
963,8.077606810232961
964,10.144033247695718
965,0.009303079228242028
966,28.675510601988176
967,8.309857997568587
968,0.480147629800944
969,12.052895509720912
970,1.850023653785247
971,1.6721842987927669
972,2.8042422499990707
973,2.785152416329393
974,3.1496089816957102
975,3.6989781073107295
976,18.46349809030717
977,26.21896968415224
978,178.60913256324594
979,8.815308511476017
980,9.542621661758503
981,20.9530456933381
982,6.407974877368278
983,26.857307218345515
984,41.63713212590012
985,55.03234132437713
986,3.8113537177736885
987,5.560116080588872
988,8.678310574936672
989,3.526457945898467
990,14.24763432898477
991,3.633310870509487
992,2.7963182992469573
993,6.90106997102634
994,15.914223901430072
995,5.793723446166057
996,2.425317769613589
997,28.615082720202032
998,7.3323569607987285
999,17.334954479403912
1000,1.640284319748151
1001,13.046949996200707
1002,12.13260782915238
1003,3.2339598088803334
1004,0.33743405815537164
1005,7.887756414584393
1006,2.849504395959514
1007,9.13996361381521
1008,13.733016831911945
1009,5.051491484324513
1010,6.053885190812925
1011,13.174801380605949
1012,2.5160023745711357
1013,22.15563375578387
1014,2.7388342039661864
1015,9.455092875650701
1016,5.184714559817404
1017,1.9615333688104863
1018,66.47388334087012
1019,20.366367938966775
1020,4.983039250702614
1021,0.6896783511217154
1022,1.0057898640496443
1023,9.843367065590433
1024,11.571750366850905
1025,15.166299560244056
1026,142.72505711379702
1027,10.585083339344925
1028,8.523402740521709
1029,5.288878013775284
1030,3.7655722306333472
1031,1.584555041355838
1032,6.450132681360005
1033,0.9860189104169064
1034,5.084814312342244
1035,3.9489507908425305
1036,2.2376739625740547
1037,10.778669550507944
1038,9.680249701494729
1039,13.152025422300744
1040,7.9594964102212105
1041,8.848362436503997
1042,18.282055742918867
1043,6.577607044827731
1044,8.20445632950804
1045,3.7379993790308013
1046,5.954580054262989
1047,8.404227991794002
1048,1.419843893967577
1049,2.88931897267638
1050,1.9660199750835912
1051,10.103654567950773
1052,1.841891341121896
1053,11.649373995732427
1054,62.94245927929896
1055,23.841659286180846
1056,5.625932083640921
1057,2.523538755865628
1058,18.270020063286164
1059,16.412476360363172
1060,0.9067944713055132
1061,18.689492388128784
1062,2.138392004558437
1063,10.29528027213516
1064,2.1224003759951273
1065,8.140539389613837
1066,4.925843714364208
1067,13.699195714395016
1068,3.079608120281117
1069,3.566447714190441
1070,2.6493269143971996
1071,22.129034957505972
1072,8.261669207470826
1073,6.880683433843849
1074,4.25393022802254
1075,4.645291023921683
1076,11.12976035049459
1077,28.312700074242404
1078,7.057048662391102
1079,47.928664407318294
1080,0.4126791439352539
1081,16.049768953981193
1082,13.336115836521511
1083,5.75746504874726
1084,0.5586330971242355
1085,3.4323996605861655
1086,8.689565750947127
1087,9.625033681932118
1088,24.728832252271513
1089,14.104782444893567
1090,3.435405923220549
1091,4.3707409864681095
1092,6.304370694236813
1093,3.4515048295981283
1094,4.382645578989883
1095,3.806358331353967
1096,4.437633938008814
1097,33.21428479603393
1098,1.0090280328628891
1099,2.0268462821041053
1100,5.310496410230769
1101,8.377461559389122
1102,9.556827027683221
1103,6.937941260821464
1104,36.222887428632816
1105,8.726135390975616
1106,1.1400674475178314
1107,5.180125873348746
1108,6.020635521562548
1109,7.581721101858494
1110,1.5246723273487575
1111,1.144134517545158
1112,0.7778981597654714
1113,3.0793310085103838
1114,0.7938464057307262
1115,0.8156704305373906
1116,1.712912076705638
1117,3.0751275620511223
1118,9.77747632492209
1119,0.10355251390463314
1120,0.44339578885608094
1121,27.11088083428269
1122,7.206758609993794
1123,10.013300112369707
1124,19.5909959478588
1125,-0.2891460374926724
1126,18.065847579150418
1127,0.4860831867819389
1128,10.87688700478825
1129,10.877964129132655
1130,4.072798662325912
1131,8.444949004164217
1132,5.060398678256601
1133,14.671709776123906
1134,8.820037147477727
1135,1.987269618476398
1136,14.166506239360485
1137,5.759324762069232
1138,0.43616487460664755
1139,1.5844290200726396
1140,18.329751747802643
1141,11.319501217622738
1142,2.3111530656343477
1143,17.544423821369524
1144,23.069679388152146
1145,36.45402065454409
1146,5.377550117893621
1147,3.516635615586823
1148,11.607640324467154
1149,10.026866013622824
1150,13.776900627331198
1151,4.4472939530849604
1152,6.88686217373591
1153,-0.6766891672419063
1154,19.523806943764576
1155,1.4183778102651412
1156,0.03995213737060244
1157,65.25116729105761
1158,11.929238084702586
1159,15.702790834627685
1160,0.06714086410082502
1161,3.841102133581681
1162,-0.10482587743178802
1163,2.2110956976738207
1164,-0.5538859767982179
1165,8.558258602786747
1166,37.43401455641103
1167,10.76316829866303
1168,6.942234635096106
1169,3.516143667489032
1170,1.1959965299730948
1171,23.997127369632338
1172,12.75440744665786
1173,1.0555800909962074
1174,12.007967915218366
1175,2.5263775028941136
1176,16.0482709028648
1177,2.262030076083783
1178,41.19447201999983
1179,2.7031015281470028
1180,1.9234919612889294
1181,4.178064131714953
1182,32.577446485423586
1183,2.391171631702431
1184,2.631113739755539
1185,11.015548784109168
1186,7.320099858557505
1187,23.141102625184434
1188,4.286643839263781
1189,2.2907728628402015
1190,18.77922026135165
1191,2.0623678713355154
1192,5.552855942856579
1193,15.438547233407991
1194,19.252412878714846
1195,0.939681698101849
1196,6.0797234898182015
1197,8.128188288980576
1198,6.327940608823912
1199,0.6043022025144134
1200,3.679887588566445
1201,10.645732571430825
1202,8.258960909662425
1203,2.2162322713494844
1204,14.749534474225584
1205,1.2651598809429803
1206,6.256452637646216
1207,8.860325112256367
1208,3.3405502632531783
1209,17.93260316062152
1210,6.199179273007904
1211,27.379844078613704
1212,5.206474422164915
1213,2.85912574982688
1214,2.3539093405998326
1215,1.4268928849945537
1216,5.207179390017075
1217,8.09621434961465
1218,59.624591936632335
1219,4.3310122040287755
1220,3.8147518751154705
1221,6.140167193823163
1222,16.9425467158185
1223,10.251778008710424
1224,5.017512678109309
1225,1.60153093923671
1226,3.2565293201222727
1227,13.180758806975694
1228,-0.01963376722641064
1229,1.0366268842717903
1230,8.77508946859348
1231,3.994136060302514
1232,4.924931390534793
1233,22.05047182259169
1234,13.964044155465048
1235,35.27030732988498
1236,2.0808650485607716
1237,3.761261768812037
1238,11.12814139244302
1239,1.887070673087985
1240,17.049606083184507
1241,1.202081642401478
1242,18.52158129195267
1243,35.64994524784356
1244,14.736151944884663
1245,5.779356485165231
1246,4.350405475603658
1247,0.31101268710319
1248,6.2826794733102105
1249,6.748533222171338
1250,263.927433682946
1251,3.3457070926659465
1252,9.767946657522353
1253,1.903251288128668
1254,20.713404427370776
1255,16.047934872532277
1256,1.262825057716651
1257,15.397273180756011
1258,13.37478736964341
1259,2.2903507238487975
1260,6.213299642534271
1261,3.890988046553777
1262,27.746858005666013
1263,8.659461641754739
1264,6.393180496097105
1265,5.4432988484363625
1266,2.3551506457061224
1267,2.7301232618210514
1268,21.78754644132526
1269,7.067326728906348
1270,28.437930256688702
1271,8.877669877675093
1272,13.60515479101137
1273,1.4025861409164604
1274,9.922057220758457
1275,9.30286401113476
1276,17.698404922160805
1277,64.26644630684018
1278,2.506449529019479
1279,6.253100926572872
1280,5.258010710658135
1281,9.619808403776476
1282,9.548706531091094
1283,17.642488275812887
1284,0.5335992734915826
1285,4.531884768981415
1286,6.637136515888742
1287,8.45154902665961
1288,17.924369351724454
1289,2.7515065356473096
1290,2.4510395752500025
1291,6.327961799519061
1292,16.23543713838405
1293,1.3732643291925917
1294,4.570945769317753
1295,0.7780983036910277
1296,2.2408281899662916
1297,2.8265882040183072
1298,1.552817320670155
1299,8.360140542704322
1300,1.4247485376239792
1301,5.467534749672766
1302,6.038719446045496
1303,35.418029847733415
1304,3.863234876796359
1305,1.6811250238523556
1306,7.042072324648127
1307,5.04539683652377
1308,3.968457328143123
1309,1.1055576929023239
1310,5.784508906894874
1311,7.114095371025304
1312,49.17775147398273
1313,1.6305206336443858
1314,10.507537660808902
1315,1.8475961307840711
1316,9.860006083406716
1317,20.889507603697243
1318,6.480553734495953
1319,4.258063714805259
1320,10.419534219759148
1321,1.0290392615236272
1322,2.110675901643481
1323,11.191442218911842
1324,6.728294077017667
1325,0.44483493740366264
1326,1.1499022943482722
1327,44.33987095612015
1328,1.86825082565523
1329,14.941151663715983
1330,63.145649076893335
1331,7.0927076394502935
1332,0.9453971479771519
1333,11.053047771777562
1334,5.1021144044904565
1335,5.976748258441621
1336,67.03397066212412
1337,16.959009023716305
1338,21.802514770857268
1339,0.16810270935837596
1340,14.837145854552379
1341,17.93849203368417
1342,8.187771002082108
1343,2.8528857670742034
1344,50.832288895638385
1345,22.333716276726605
1346,48.560162928974115
1347,5.751939220812867
1348,22.259105802541573
1349,3.5803382971939186
1350,4.361556033901101
1351,12.718525498628905
1352,11.48039459851673
1353,2.8299717747532567
1354,3.5662722454651266
1355,13.073620747977495
1356,-0.16375114974782387
1357,3.27170948300193
1358,6.462424616439733
1359,28.764121914451444
1360,1.4893521653801258
1361,11.337838947942364
1362,5.924583280865307
1363,11.331105356816751
1364,3.456826721112373
1365,19.842032449379136
1366,34.05629996640482
1367,13.109776190493426
1368,5.1541568850815835
1369,5.748032983858417
1370,15.090528691714297
1371,15.662528400413105
1372,1.3629622335959366
1373,2.214616121599086
1374,11.43649674796971
1375,14.603968021248148
1376,1.2110717442919972
1377,1.7772060205500293
1378,6.814699595879636
1379,3.9383394507413767
1380,21.887210538828256
1381,5.531844807120548
1382,33.12938264446807
1383,2.0268377000368796
1384,31.298078942759112
1385,25.398505678641737
1386,18.67849784906476
1387,8.429477287802603
1388,9.786879017575544
1389,16.543805828925674
1390,75.68222009131993
1391,7.688523131423622
1392,10.821898132973784
1393,19.824834866343522
1394,9.965078652499114
1395,0.16939519679157006
1396,4.8672292239456585
1397,1.4905206198414698
1398,-0.11342684592642968
1399,3.750071043686381
1400,12.864616731592855
1401,38.48322476223832
1402,1.6554792155187443
1403,11.667881670529328
1404,4.254703742964096
1405,5.726153894240209
1406,1.2555370341732908
1407,9.496188150196605
1408,2.587473422496758
1409,12.899561385362734
1410,8.405455282493051
1411,3.7400766232286604
1412,6.7851137670370045
1413,13.801213431332314
1414,7.900754256482207
1415,8.87992277217918
1416,12.315434368592115
1417,3.113392545471102
1418,0.49992893759546525
1419,10.43510709893982
1420,9.604878564691424
1421,5.219872961470186
1422,6.083760042154538
1423,1.8102679142925686
1424,8.834883756139883
1425,16.314830130758658
1426,0.9366758473085105
1427,22.87581644600988
1428,18.631313881403468
1429,6.941811421916258
1430,17.708588251074918
1431,20.33771338160147
1432,13.691202450471026
1433,18.161495386717625
1434,13.750230805877733
1435,15.99321687241553
1436,15.26910039747072
1437,17.00510881586394
1438,0.8975181264833773
1439,2.485962501846894
1440,13.400879115624294
1441,0.5372525259153833
1442,5.257750460962997
1443,1.8432821110225668
1444,1.9573255595733767
1445,7.7252265478539615
1446,6.179607544110121
1447,24.343436865992295
1448,1.1602799862154627
1449,6.320028748889469
1450,5.954151142524452
1451,10.862162793742419
1452,9.258424994846347
1453,8.850309056065145
1454,0.5668231525072875
1455,40.57269233514926
1456,2.6679144139223987
1457,3.035580465877917
1458,5.110745568674859
1459,1.4464790086443151
1460,2.8057333036806034
1461,3.0508173300901795
1462,27.76921354757207
1463,11.511573582547477
1464,2.6199690610839426
1465,21.453332217813383
1466,18.420940666634717
1467,9.206993472316153
1468,8.552802402891672
1469,38.71881735062769
1470,3.846626956760889
1471,2.7719136420824597
1472,67.65053529645583
1473,15.226155978871805
1474,13.265433780374934
1475,5.586840333329278
1476,4.028019426893458
1477,10.578970808406492
1478,2.6252846885608543
1479,9.353763112378392
1480,29.76069741169169
1481,17.681095152951034
1482,1.8293240758155787
1483,4.649411335189135
1484,7.898306880109516
1485,2.500335687139109
1486,1.55275570504304
1487,12.373028110815987
1488,2.728261796542983
1489,8.353577511036232
1490,1.981817845323278
1491,2.0795061390543315
1492,5.694992373932778
1493,10.439395352159437
1494,23.937322139223323
1495,1.8092110270834845
1496,15.76330660289331
1497,1.6850498515272152
1498,46.76899289099523
1499,3.7336167084145058
1500,3.0952795963361988
1501,4.235388318745323
1502,3.608596233606482
1503,2.4799264315149316
1504,16.44334884136652
1505,11.514760515079354
1506,4.732880242825381
1507,4.8822190607963245
1508,14.213784188886365
1509,15.557379048848304
1510,15.281721884203947
1511,1.3495595054640601
1512,2.412476778158091
1513,18.044079957877045
1514,53.50480155924927
1515,6.068177790100674
1516,25.84505552237795
1517,28.355368956808967
1518,4.27912272227282
1519,5.5410502753788595
1520,16.09355288444863
1521,0.46826476246540094
1522,0.8716098071553873
1523,1.406767717337094
1524,4.516773081482886
1525,0.9587961625585569
1526,2.818298401545106
1527,5.149290561445144
1528,22.98000939422457
1529,4.756811722739559
1530,2.907817117730674
1531,8.234932185044562
1532,7.070090034234994
1533,8.446598868607447
1534,21.816012577770316
1535,5.857338046489685
1536,22.27471678479125
1537,3.3342873414404552
1538,2.326634037087068
1539,2.0055000602579174
1540,3.2501454577477205
1541,2.4740098993182205
1542,2.704621056665375
1543,4.143778205142744
1544,24.345627837674623
1545,17.876095204420015
1546,41.60957958913074
1547,13.042478283546691
1548,3.9268432002827036
1549,0.050448437304279524
1550,2.8998612835460893
1551,22.50311042769485
1552,5.797179696581955
1553,1.370481388539814
1554,0.04996546964282238
1555,3.8643700594851715
1556,24.598686238705504
1557,8.845302445704785
1558,2.2031595981343703
1559,1.5445093855421463
1560,21.088728343889947
1561,5.1365489619464615
1562,7.691555054459359
1563,1.9147674556273557
1564,2.278083066013079
1565,13.17672174569471
1566,2.513555224400044
1567,2.5807433077263164
1568,15.022909079066457
1569,13.470006232814619
1570,7.350401557156605
1571,0.6015791660058051
1572,5.205820568681356
1573,3.4494296040807173
1574,31.39584610618399
1575,61.542759391401376
1576,13.072416919793469
1577,18.052813670652085
1578,8.33568362177972
1579,9.80459417351861
1580,0.8520865686956481
1581,5.6052677635128685
1582,21.99412154053375
1583,6.499792995968239
1584,1.5865686558616492
1585,4.9944902817334835
1586,25.042759757007513
1587,1.2845456892397789
1588,24.452536754671915
1589,13.044834006034225
1590,18.933506798095866
1591,11.904257717509424
1592,5.637260371964107
1593,37.731148274021656
1594,10.469245285172994
1595,4.5301040524288885
1596,32.031378934408444
1597,6.179506919065595
1598,14.32317421162715
1599,23.601236547294228
1600,6.6538993994599345
1601,4.162327556886652
1602,13.558875813841135
1603,5.486532945135566
1604,7.240975941969533
1605,7.466111686952098
1606,56.923953287122934
1607,1.2155560229070375
1608,17.191933954639843
1609,10.803646280706797
1610,1.0231191894890528
1611,40.20523727186588
1612,5.194606912420142
1613,24.80098372718388
1614,13.756637573452304
1615,22.606881654012867
1616,0.7661172629682685
1617,0.8413757982880978
1618,50.360668418299014
1619,40.757273703863454
1620,42.528843403369144
1621,24.301800318157785
1622,1.092031773690118
1623,58.601551692898525
1624,16.802050346469596
1625,8.859994341535614
1626,27.635552298696425
1627,6.4678744645747575
1628,31.498600797598616
1629,10.18030900209612
1630,4.064332991335968
1631,1.4280737305665034
1632,5.826160620968371
1633,9.498071252556498
1634,6.1228263174383875
1635,8.418249461443049
1636,4.7036618149565355
1637,2.007701366621609
1638,3.6110200162721986
1639,6.066521136354337
1640,2.6373927594231055
1641,12.286346958052757
1642,17.54578145224287
1643,6.501459950662379
1644,26.401998639519718
1645,5.325826271536771
1646,12.599915765277114
1647,5.637228345039999
1648,2.1888504971619382
1649,16.65832378080471
1650,12.018636095518257
1651,6.7067769355077855
1652,39.64950850485077
1653,0.21603332976938242
1654,4.622483762197283
1655,3.6298909850379038
1656,34.472054612363166
1657,1.2565829961772503
1658,34.446680286786275
1659,2.330239593668994
1660,5.8380754871669485
1661,5.18062708347316
1662,0.816679880362062
1663,2.395703770632351
1664,0.9716508353098479
1665,2.1809607657810313
1666,16.8101344657987
1667,3.334953543594661
1668,37.00631090785327
1669,5.301873256904047
1670,0.47915545494493184
1671,10.844281087951591
1672,1.2012773128607113
1673,11.316290011014466
1674,26.796234520317523
1675,4.629045080663787
1676,20.63877049981876
1677,1.8233969406534634
1678,2.944020271984386
1679,1.8797590291531845
1680,19.780398495276827
1681,13.86306316040689
1682,4.047479113939684
1683,0.30742311024201247
1684,4.711232713153286
1685,19.32840188993953
1686,7.4123682354004865
1687,10.266415764609572
1688,0.024317381825263135
1689,3.562393100792235
1690,7.104857404552478
1691,5.949473989964392
1692,10.033342469942973
1693,8.608515074175829
1694,7.982553854463561
1695,8.934446450270212
1696,18.99525218567129
1697,1.8202727171977684
1698,10.616858730158965
1699,6.623611864494117
1700,16.517208137576514
1701,11.461703593186186
1702,5.6191049568008005
1703,6.5154726787026815
1704,9.301590895233623
1705,7.250783339157467
1706,4.509549540701665
1707,11.094165862435817
1708,22.708223336593676
1709,-0.18969190817248097
1710,5.544889078974693
1711,2.782987810167165
1712,4.229365175947928
1713,15.511148641142334
1714,0.3519666070209678
1715,7.61502521525703
1716,2.329011670956304
1717,14.318013437762687
1718,0.16522319699378754
1719,7.551591940157912
1720,13.782438056842391
1721,-0.4459474177352485
1722,40.44622299887086
1723,1.6508259767883868
1724,6.110734387987305
1725,0.7763071169127211
1726,43.661061857712106
1727,12.219025383464253
1728,9.059040006869322
1729,40.69924413993408
1730,0.9711675928086253
1731,34.43277599761764
1732,2.8352140345628936
1733,12.228902209164826
1734,21.20840313534127
1735,6.781184828123058
1736,12.236738240391775
1737,1.8179577694596445
1738,0.952037117078371
1739,13.666279854991638
1740,8.359630338494041
1741,1.1622418646619825
1742,7.387595690174579
1743,1.5070623313637692
1744,11.322050363426918
1745,4.21133701257165
1746,116.05767188467411
1747,5.051118963090871
1748,0.2265108237654553
1749,1.7824318276242608
1750,1.2193887199105102
1751,7.297463366522937
1752,3.0821456102593014
1753,10.278984173417909
1754,26.27404010943253
1755,3.4011555582848954
1756,4.57584519051147
1757,9.062613543360232
1758,6.768285020517686
1759,22.609266695403228
1760,8.272520240640283
1761,56.187449033809386
1762,8.503360719592793
1763,19.62438369063516
1764,4.515375661244088
1765,5.228640714086513
1766,23.45235548035391
1767,8.575316621230193
1768,6.837893897097589
1769,3.2377579653588806
1770,6.055784328146244
1771,9.721696881843936
1772,30.734298504897854
1773,9.801365593670472
1774,0.6430700432612437
1775,1.606964956418032
1776,3.743530383071336
1777,3.2087236378413078
1778,2.8708819498326523
1779,6.837717569468779
1780,12.331051836331712
1781,1.2175897969050364
1782,7.981949806479203
1783,7.867551770131675
1784,58.21448593024921
1785,1.1856793262810779
1786,39.51945654920464
1787,-0.05543684384346769
1788,7.5973838365291915
1789,100.94513125471848
1790,9.435190861499368
1791,12.312919767016272
1792,25.34005862952075
1793,63.44299250451878
1794,6.194128084665284
1795,10.43419851386846
1796,1.4932553329814464
1797,2.394693010289148
1798,6.5818368804502905
1799,14.283233229878844
1800,8.535486347239756
1801,21.422604054615512
1802,15.812179777119887
1803,-0.4732875431695922
1804,4.338260157236088
1805,8.305971417279707
1806,8.038619783497774
1807,14.218852755208001
1808,5.287223771347484
1809,-0.12541104192518468
1810,68.87421565282634
1811,6.0715350673579165
1812,7.8130207971793855
1813,3.243880181992
1814,38.35491751441959
1815,7.256332989650416
1816,6.228102233935413
1817,0.719587348045461
1818,9.838967005372945
1819,12.156503060129854
1820,15.13552269624997
1821,-0.05517295442698681
1822,4.813452864343104
1823,15.508716046901135
1824,1.119488183561247
1825,3.9142100924141356
1826,8.132396342407507
1827,14.156049493625792
1828,3.630916110837616
1829,4.868202564349573
1830,1.346221230661153
1831,21.258825396734686
1832,7.675429350242054
1833,9.812474688924837
1834,0.6331913107772844
1835,13.046829590466883
1836,15.858704806653908
1837,1.6080472250231554
1838,8.95470378506075
1839,17.656350458925083
1840,6.39727161201015
1841,1.8893975455982748
1842,17.866090649852648
1843,2.82253754853046
1844,2.2697940560602476
1845,2.145225934207015
1846,14.079798807681085
1847,6.20367360027303
1848,2.787897035822415
1849,16.433396252598158
1850,9.872170186834081
1851,1.8996431697599503
1852,8.4953279184542
1853,21.559494377417757
1854,18.035509588807418
1855,-0.137025387034679
1856,2.559892743453941
1857,5.316459002846172
1858,7.47513078308561
1859,1.4909190649573107
1860,2.9048047778727164
1861,3.291575411990509
1862,4.996108208698013
1863,10.315713104640063
1864,5.515343709339392
1865,6.488833440114577
1866,11.10513143721919
1867,3.8802600451052798
1868,12.768521045744484
1869,1.4340133300606064
1870,26.379355336585487
1871,6.939167977080775
1872,4.996387719681606
1873,0.120253411747166
1874,21.452239961301274
1875,10.554385671550577
1876,3.7815634982844113
1877,1.6028418989042352
1878,109.08308071501321
1879,1.9613121196648224
1880,2.734355760978579
1881,10.279826597051109
1882,3.2766362640404973
1883,1.3823774335240742
1884,1.7339307702226519
1885,9.79339376616445
1886,4.454926559346985
1887,14.90357930283998
1888,10.525496876051276
1889,1.1899021302335686
1890,3.1947152743984164
1891,9.973443626644826
1892,3.4686975278623158
1893,6.920975569997432
1894,10.17335370252371
1895,7.263371749687465
1896,8.427185566685205
1897,6.434501745009343
1898,4.447799564831715
1899,1.3234473373621687
1900,8.683204061048997
1901,12.519688643838643
1902,7.2489497498032724
1903,23.988057554079138
1904,10.758880595260667
1905,3.023020907149232
1906,5.456688146770676
1907,3.274735177938416
1908,2.307806566667915
1909,4.7992233492172405
1910,0.9190784970424432
1911,20.475699394398074
1912,12.48334832018671
1913,1.695266748654276
1914,1.2153709963964805
1915,9.655297297961077
1916,11.117009626219954
1917,7.554613179493314
1918,0.5362121133897237
1919,5.459613613945267
1920,12.083680245165873
1921,5.633320310203742
1922,19.53461490909078
1923,14.098211969326623
1924,5.398763832514528
1925,1.301208300001371
1926,9.615041960980578
1927,3.6505791817662097
1928,10.393236853865089
1929,36.417315796208115
1930,0.1973655611432122
1931,3.25479878347119
1932,15.557404953910206
1933,16.946113998112022
1934,3.2444320283739017
1935,2.335599309664044
1936,2.348453103372625
1937,8.216111489995768
1938,4.782747992290158
1939,1.5480046144859734
1940,-0.40237499013857536
1941,6.791658358054373
1942,6.829677515958991
1943,3.1718051851613804
1944,4.383967550835709
1945,1.938481694419965
1946,0.6687279407925115
1947,5.1117652526032025
1948,3.7143590799383484
1949,4.6828501829323494
1950,26.329858543403827
1951,8.566474109329953
1952,1.93242827995493
1953,29.68464244129783
1954,1.16577387663567
1955,5.1470532612390825
1956,6.093177934926006
1957,19.730046572300648
1958,0.9055122331531746
1959,7.952364349016915
1960,3.3545262736581676
1961,18.901646276655917
1962,37.64733678844352
1963,10.271834343791811
1964,0.47684062646657804
1965,1.8883972857832436
1966,3.0213562756517445
1967,0.8612827311609879
1968,0.19625082407011604
1969,30.979883339769067
1970,18.27146642862106
1971,0.5458158230870388
1972,7.950449604982734
1973,0.9515782313055504
1974,11.270505010860498
1975,10.016995982163715
1976,5.651977178940631
1977,10.490382251350281
1978,2.3492854559125482
1979,20.367898154336995
1980,5.269521465319195
1981,2.3345742967595005
1982,4.2100842336875335
1983,3.6670625145554863
1984,2.8144543514377176
1985,7.3555975256233515
1986,10.702899972083333
1987,5.858740189714579
1988,10.729847231224868
1989,6.328507089988414
1990,7.783446487873641
1991,3.1296837749098985
1992,2.778015189359036
1993,14.331723489261698
1994,4.8317894907061945
1995,13.000388325778612
1996,-0.16362020744273015
1997,11.646737791142785
1998,0.637326904844813
1999,7.955914937185043
2000,3.8875760676375384
2001,5.156995506830697
2002,3.513819053783327
2003,4.448489806759781
2004,14.956287568598027
2005,4.883378563051823
2006,1.438436331034902
2007,12.595643972497049
2008,2.2776135769778816
2009,4.481905067725438
2010,6.782126448221346
2011,0.6174998207138059
2012,20.384062500420153
2013,5.462691331868225
2014,4.9868008412609495
2015,31.179815232256257
2016,21.14392862314297
2017,8.551433626986089
2018,7.043639983543095
2019,2.941301749651927
2020,1.912124468276248
2021,4.541604429654202
2022,2.651501721411748
2023,0.6786656475494461
2024,6.339605913049102
2025,0.39596748039097046
2026,6.873264717084069
2027,18.054447662476555
2028,5.24214440937159
2029,4.507650052303002
2030,7.331287431122064
2031,26.220270160248514
2032,33.14808459459005
2033,4.029696477912388
2034,8.162178600780086
2035,9.604451679934984
2036,7.520107354406755
2037,42.98546645513201
2038,10.240037138496133
2039,2.0195674901397727
2040,14.777423195473995
2041,13.397193896263683
2042,1.5555933105938762
2043,6.259055233148829
2044,2.794469215592439
2045,8.786202181945521
2046,5.050392372660919
2047,5.780455404034986
2048,0.9462718809367098
2049,2.3238758684766037
2050,17.681773711844787
2051,5.2820805292167625
2052,25.622047134423592
2053,2.160552585071571
2054,10.733475345742255
2055,32.48028003827343
2056,0.973706833799014
2057,18.259442847103386
2058,37.688695056240775
2059,21.09152525234114
2060,5.544378612814417
2061,36.21296872658485
2062,17.612407555836057
2063,10.154752563380308
2064,7.977151606231965
2065,6.32888639771135
2066,2.65601275860053
2067,11.583287063307933
2068,11.419674506272086
2069,39.357701119656724
2070,8.30565331373329
2071,2.330352038559323
2072,6.939482852309057
2073,10.85010300182085
2074,1.2727371208096772
2075,34.72302652375118
2076,39.15430545842181
2077,9.539817418514337
2078,12.195955569703704
2079,6.55662747486199
2080,6.418803366561123
2081,1.1069389172812027
2082,7.625972702962054
2083,9.840430574023904
2084,0.33030784917468436
2085,8.913665133563741
2086,4.03460717804391
2087,5.5950384000019815
2088,5.80842435141046
2089,4.238043770938399
2090,6.897867990936906
2091,44.82004123216532
2092,7.194865125000896
2093,1.0678693263564711
2094,11.251649592852118
2095,9.440471750731861
2096,11.035423788612674
2097,1.6318710913097396
2098,2.181380841565963
2099,36.164791232852195
2100,24.611193732448495
2101,0.6706511683330333
2102,2.858200828975691
2103,10.500429550294845
2104,33.08535972063763
2105,10.378519225735076
2106,3.1934668616596595
2107,2.525675058031711
2108,3.076572974613781
2109,43.410905559066116
2110,23.149940476107076
2111,8.435217385496248
2112,3.252401076763901
2113,5.862655499230316
2114,16.971822894664268
2115,5.201964275297261
2116,2.47885459292822
2117,4.488814844194342
2118,5.268618434664907
2119,35.9266324744376
2120,-0.14481106186056195
2121,6.6051487162669265
2122,14.377272419651783
2123,8.73834739343738
2124,15.116149457977366
2125,18.580211501138688
2126,13.45070279210811
2127,5.4833802357623975
2128,3.321711629032674
2129,22.54620470597799
2130,11.935681805647734
2131,21.550938538581498
2132,9.632177993038926
2133,45.509453107705895
2134,10.39391163229051
2135,30.839070796146977
2136,3.5376289621610626
2137,10.855449407537032
2138,1.3231107631559482
2139,29.777527068323717
2140,16.94483606962273
2141,3.590693700769552
2142,1.1982389329365366
2143,11.90888329423535
2144,1.456146289136967
2145,19.74956438873119
2146,3.398803930340116
2147,2.5814336821890795
2148,3.4041611929259723
2149,6.318951682723415
2150,5.409783471636567
2151,8.04879970716052
2152,5.665197567332659
2153,3.960233550476908
2154,10.037456975382185
2155,6.711578839312662
2156,11.313592976955894
2157,1.5706158639434706
2158,1.9614644150577432
2159,6.89783832599768
2160,3.4123925364388383
2161,5.031005068115578
2162,21.1216146862452
2163,8.080399343299513
2164,20.161597697412255
2165,43.402387944976496
2166,11.691531736980242
2167,6.418887978935665
2168,10.153018872657706
2169,12.120606700966087
2170,1.4772879317115546
2171,4.239665547240363
2172,0.9532924748236948
2173,11.318929892589798
2174,4.701212212514876
2175,10.593557033342606
2176,44.278416326786896
2177,0.23602006443912082
2178,1.7787420519259027
2179,14.196712413113385
2180,23.327795485898644
2181,4.46314512392456
2182,9.362070631099261
2183,6.593785413507745
2184,13.257613685511584
2185,16.083497205002857
2186,1.4903206122769623
2187,6.094780309399608
2188,11.57288098674506
2189,4.481906110752484
2190,-0.04808832655052734
2191,0.9685237193000737
2192,9.443782329634773
2193,-0.2647386711885667
2194,4.101575553048038
2195,2.672605770123243
2196,45.9933165199819
2197,5.302320812661922
2198,2.5497432712964025
2199,12.907586125245242
2200,12.713033991241307
2201,14.73808018238338
2202,13.273267629161909
2203,12.544934838780343
2204,2.2646907263572524
2205,3.4285174690122675
2206,1.4895786167584406
2207,3.401788996746743
2208,62.930520548299455
2209,7.396284899688142
2210,12.47566606673726
2211,1.6928772585705014
2212,13.751535362141928
2213,21.349996871648706
2214,12.322696088748025
2215,0.007201489324110401
2216,8.96887396864616
2217,30.297704625859286
2218,2.476142479888227
2219,6.225771098390295
2220,4.201557766339668
2221,6.75111021238747
2222,17.690143971504533
2223,5.4299311103509575
2224,19.541100311452304
2225,13.14020956058718
2226,20.713882207315876
2227,1.3412284738816833
2228,1.873307452509773
2229,43.622707173895364
2230,3.398078576112765
2231,7.864149314936298
2232,106.37142421163489
2233,20.97921436269418
2234,8.24436511250808
2235,5.397731916440369
2236,8.14191831293405
2237,3.5204949289309844
2238,3.7659632867016537
2239,6.039277955280952
2240,7.9646335570122435
2241,2.748887804403263
2242,12.916035597851193
2243,16.657073040784397
2244,3.8350086713883247
2245,1.9357613292231826
2246,3.1638430241995823
2247,27.834183436608384
2248,10.374027824041168
2249,18.45139756389948
2250,0.4590696127856239
2251,4.390992961845272
2252,1.479149306862317
2253,2.9429198787349424
2254,10.468967958313753
2255,8.969326433868572
2256,14.30049309275481
2257,1.8474065961568533
2258,3.7039171922315783
2259,9.741117975804825
2260,0.7194098536733358
2261,1.1680350190133477
2262,0.6817056960115361
2263,7.527502311779079
2264,28.566424722041557
2265,-0.34963410182648086
2266,5.587055787958525
2267,4.783134151096604
2268,1.856477180829091
2269,4.4857028098999825
2270,1.7839248044212548
2271,11.542341275303816
2272,22.10650870502931
2273,13.90518148388421
2274,4.313961524932179
2275,45.85194237226233
2276,0.23738826856286507
2277,0.6847113504647061
2278,10.081152279601103
2279,2.1897108467194806
2280,51.491318754066604
2281,4.856015798385738
2282,2.6645267488475413
2283,13.285823144526752
2284,3.911419486353173
2285,20.35222250035771
2286,7.982380081124706
2287,5.215271428869154
2288,10.191291175616383
2289,27.4559567091012
2290,3.032070403455376
2291,42.8268042437195
2292,3.1818994648999355
2293,12.553957290341248
2294,13.745643162400809
2295,10.066195228247205
2296,1.959579065548797
2297,36.522997998579534
2298,53.06102448199947
2299,2.347391551090384
2300,3.8170232332097402
2301,5.997638884584365
2302,15.935236307941013
2303,7.314019381971292
2304,13.21144695092171
2305,8.534376426496427
2306,5.601323197436887
2307,5.015346916706019
2308,2.628504403107773
2309,19.812050710984536
2310,4.634468003162791
2311,1.2544475046489683
2312,9.702564511054849
2313,13.502936981076846
2314,1.6936056631108134
2315,9.807340931660882
2316,8.736329884675264
2317,1.7583526498137585
2318,1.8652715582141164
2319,5.51837918533165
2320,1.2419710069292256
2321,0.8112166562360157
2322,27.448389039047612
2323,7.061013178882373
2324,-0.17279549884707598
2325,1.378962687523532
2326,4.9083307580395745
2327,3.124270834149304
2328,22.464756857685046
2329,20.53246529326666
2330,12.781580244130483
2331,7.579234137873088
2332,62.26193847148714
2333,2.2117264912882666
2334,28.46449644793326
2335,49.37615984972522
2336,1.9555732502872958
2337,4.169660108094653
2338,1.00546929977684
2339,6.370553259087619
2340,15.997822883616562
2341,8.303605993778497
2342,8.045143915175487
2343,27.435705894042055
2344,1.5074806975245258
2345,30.825458593823612
2346,7.016857344203034
2347,8.1867510473589
2348,6.431193007510808
2349,3.2740223449298234
2350,0.7392181568372892
2351,10.454033492034892
2352,19.054130735341218
2353,7.068116527486217
2354,8.573732590177457
2355,9.843194582231197
2356,12.649963674851762
2357,7.5203621107060625
2358,1.152159503745745
2359,9.013683977506082
2360,-0.44146556964065864
2361,8.777159888465349
2362,7.263931807277253
2363,2.7422059755831327
2364,11.776349632700683
2365,3.3686229330290334
2366,6.603703358156238
2367,90.32081650732108
2368,9.422846377175306
2369,10.679447754573877
2370,3.584220339372925
2371,24.28166960083281
2372,11.96124201713601
2373,2.7626348861777763
2374,28.20342344216929
2375,71.37782344362763
2376,10.025596178984488
2377,50.556711850706996
2378,9.908977876473894
2379,3.675629639382987
2380,7.138381667508154
2381,7.88150629106028
2382,4.313109974382528
2383,3.549925428393647
2384,4.4427632738570875
2385,3.3078303567580445
2386,31.755120542793517
2387,7.068608927021966
2388,6.1036167319472865
2389,0.7556669084112719
2390,3.813565043368539
2391,1.6746315469740245
2392,8.91995582516577
2393,4.973438183027641
2394,14.860241321996849
2395,0.08695419222801125
2396,0.5917024222458371
2397,14.789943150455194
2398,8.89478184679762
2399,17.483937072661814
2400,3.520521845536464
2401,48.83639509896869
2402,13.0445516496058
2403,0.9738021552483677
2404,1.53210993308526
2405,3.6715680050510295
2406,1.2855351290190922
2407,13.735727898909127
2408,2.2002624992994124
2409,1.1912137987819873
2410,2.015575375876955
2411,0.3889820841836889
2412,4.1114352738024404
2413,51.91774106251821
2414,2.078082343065666
2415,6.91848834300022
2416,18.04495214481324
2417,9.770873176565672
2418,19.698935278698535
2419,23.09310530775429
2420,0.14009422933783613
2421,6.901132554026632
2422,-0.08226410227297211
2423,12.630166278545444
2424,3.7615654185936065
2425,12.817504091707415
2426,3.85445856319106
2427,4.431544685953322
2428,3.8243684668300997
2429,2.1748964635479595
2430,4.670727887047731
2431,10.435497139930352
2432,2.704262999805547
2433,19.82336416029662
2434,6.4919910499633415
2435,6.32735653816157
2436,11.03046221785735
2437,15.29901373836494
2438,36.040841130616755
2439,5.218674517669959
2440,14.093284850463808
2441,16.330934231325525
2442,29.182257638514212
2443,9.817639939927279
2444,12.058818249860291
2445,3.7697131042009056
2446,14.095996013840422
2447,7.781076584479233
2448,15.923708615011194
2449,2.163572258752916
2450,2.4097358270389653
2451,16.654422968449367
2452,0.557635964996051
2453,4.319451074980955
2454,8.074261452757026
2455,11.346498345355197
2456,2.76990839610256
2457,2.1217227790812316
2458,1.31142943257603
2459,2.0505082229589857
2460,4.408221372793074
2461,2.1740954062194993
2462,5.082442373393505
2463,5.1573363828407395
2464,6.413366335271356
2465,3.5039992525637924
2466,45.842544618776394
2467,11.95303588357868
2468,4.676713924054504
2469,11.497742567053816
2470,17.018957997540785
2471,1.5834742212000705
2472,10.439955733988015
2473,4.425936014689269
2474,6.218635008282057
2475,7.4863186641528205
2476,3.4134796976752253
2477,15.810235866257768
2478,0.20463325307751645
2479,3.44224477946862
2480,34.674262296815144
2481,13.341642072010963
2482,1.8369622661622902
2483,3.0365294949252433
2484,8.073529611226887
2485,6.3333825668177
2486,8.673350087184922
2487,8.888454777862188
2488,5.913056554137235
2489,12.556025364768134
2490,3.146213690209653
2491,7.993552685942313
2492,7.874670408766845
2493,18.004332164637596
2494,36.00977142014467
2495,9.53349377063469
2496,31.931769109383175
2497,4.145621517438336
2498,12.49094823310311
2499,1.945986528351154
2500,33.28269458444555
2501,19.542724652312646
2502,25.307562628493383
2503,4.0733515883224705
2504,-0.20739009936506922
2505,23.610358284523265
2506,12.284989545272914
2507,5.149327889370804
2508,2.843170597401193
2509,1.6139099374772592
2510,1.0677376847041573
2511,1.6532593338971384
2512,4.399143517782964
2513,1.8263124883939712
2514,26.659425864010394
2515,7.97967736602508
2516,4.606758835460566
2517,9.942252927293042
2518,17.104057458457564
2519,19.65020335992651
2520,16.313226743264252
2521,3.110070366999856
2522,9.724237242552798
2523,4.115771837075778
2524,10.774343045426821
2525,48.22466445829577
2526,45.36793601027341
2527,24.784671085496754
2528,1.72036021033314
2529,24.837544061601243
2530,6.2255314050337685
2531,18.76594831901826
2532,14.050516434652545
2533,15.596602095940845
2534,2.685164317933483
2535,2.989647913424057
2536,3.033961479714523
2537,7.1081187786853155
2538,5.78350456427839
2539,33.77465374304236
2540,50.95807701767211
2541,-0.3366857993428394
2542,16.090878037794905
2543,5.743810085064765
2544,5.637094878439298
2545,3.2415347175911964
2546,1.2494898453461307
2547,5.520435187673878
2548,3.8649209009042895
2549,20.013105267822993
2550,68.64210273848217
2551,0.37545929306009035
2552,18.2224786659722
2553,2.746299274450427
2554,5.672087068698592
2555,4.23301416651763
2556,0.09682685117126463
2557,9.022151801237415
2558,14.248074569718339
2559,23.559575151383036
2560,5.868171376930703
2561,7.472809989371228
2562,9.599032092658579
2563,2.3934528729102174
2564,16.330410132487927
2565,4.978194404661866
2566,1.2086359993037121
2567,1.1720880986562572
2568,18.554400393491033
2569,10.355314220516943
2570,13.744323886692538
2571,4.022874933573612
2572,41.738290190690556
2573,7.121813457369212
2574,3.8860821930289595
2575,2.7085824080589234
2576,13.414727761674358
2577,0.6633613735407191
2578,2.7845950469380765
2579,1.8781131652820973
2580,2.496799932644803
2581,3.840312033400125
2582,3.395855600069814
2583,1.9038023224506722
2584,7.413771415434817
2585,-0.12654531050555165
2586,10.068412351253889
2587,1.4312506480306924
2588,5.867415119641332
2589,8.285164196117403
2590,4.251821022666687
2591,4.331823781537795
2592,5.380461362254286
2593,6.785152037204899
2594,1.8747473175387779
2595,5.044865445040239
2596,21.42528124855994
2597,18.853451539189248
2598,19.601900962958425
2599,14.041282988127637
2600,8.440389308225532
2601,7.858922972277251
2602,0.5578802930905924
2603,8.413452435210738
2604,3.525788017042587
2605,9.442255823829239
2606,42.05023576949928
2607,2.7329100345865687
2608,4.935253833721735
2609,12.699727955082404
2610,1.5524307452826362
2611,17.30187921124771
2612,4.776916688806678
2613,4.114108144887429
2614,1.9257621706834687
2615,19.307109578015712
2616,3.227302584617263
2617,22.585990834374076
2618,-0.17630575412937424
2619,2.890951325875541
2620,1.666176002077784
2621,22.284178889121925
2622,2.844448570692149
2623,4.771714468765306
2624,1.9143697720153292
2625,7.1948190334723146
2626,5.289211629822204
2627,4.857780777224823
2628,41.83471801663847
2629,43.53934736013405
2630,5.842072259587423
2631,1.2834982563933492
2632,2.3766218983445477
2633,11.286881738160732
2634,12.22730461073035
2635,4.0283742825637425
2636,5.2904393008156765
2637,0.6826218865890709
2638,14.232802673349788
2639,2.0867973507928568
2640,7.372470878709451
2641,6.33371904192009
2642,18.628522798804884
2643,3.9669369669055508
2644,36.95072356764155
2645,2.7862179644051137
2646,13.723309404538231
2647,13.847800510244028
2648,0.7278142744969738
2649,42.214845051489654
2650,11.506757936995102
2651,8.448091122275484
2652,3.0045245527908397
2653,11.252397317722819
2654,7.259363004754896
2655,10.988533267359248
2656,9.977644902126066
2657,1.8198197332604105
2658,9.695415250903832
2659,5.320782935815675
2660,1.671053853530199
2661,6.114382051017173
2662,6.406874805933349
2663,27.09096174889648
2664,5.7535687161434845
2665,6.301924957277932
2666,2.9162449055034534
2667,24.339913115541922
2668,1.1808530577112
2669,7.49869614343195
2670,2.083114423621435
2671,18.533315253280623
2672,109.22536881333525
2673,19.297647096741027
2674,14.982774184037446
2675,1.6761593071084047
2676,2.1124456656082478
2677,12.487115442891628
2678,13.409220139884907
2679,1.556628377493814
2680,4.764674517795823
2681,14.31343864250537
2682,0.17307705962474657
2683,6.0413853805540345
2684,13.374373555094769
2685,11.197211618806787
2686,9.576793533647201
2687,5.611484324670778
2688,1.8885787996313952
2689,16.649644434120475
2690,2.0069884769255366
2691,7.4234899021056115
2692,0.9762574892858658
2693,10.377605075121757
2694,12.621638509423754
2695,10.251004820291447
2696,3.9827032228003563
2697,19.841845602367243
2698,2.323468641003589
2699,7.550604046373987
2700,4.844579429999063
2701,3.807457721030344
2702,5.175617863450699
2703,-0.19280306867121813
2704,6.551817131254964
2705,14.313584598778203
2706,8.16081010953513
2707,0.7875039910598307
2708,10.704930151537758
2709,4.181961720693794
2710,5.380751047362604
2711,2.3129125157787893
2712,19.06904423396498
2713,6.682137629274289
2714,0.18945354177358698
2715,29.068150143059945
2716,6.331321549627396
2717,2.8061197593244134
2718,7.206197610320036
2719,1.84769679111873
2720,4.238762007425787
2721,2.8397212285252236
2722,117.69636923028966
2723,9.158744400854696
2724,2.3699102765559066
2725,7.287827096194836
2726,4.999998668877632
2727,1.4755631025758316
2728,4.367093177175692
2729,3.128312763865406
2730,2.931807079208609
2731,4.071912717211218
2732,1.6307148304358503
2733,1.936232686527821
2734,8.445149302648147
2735,13.025258111820945
2736,3.4850983855713347
2737,3.9415464958114157
2738,21.396890240713507
2739,31.143908381164294
2740,9.118807967869301
2741,31.40783513881726
2742,5.541708516808855
2743,10.071607924397808
2744,13.9203937748267
2745,29.78961053924735
2746,10.550584301331229
2747,2.639869689127854
2748,22.588923668079914
2749,1.019664276474106
2750,6.282142819642638
2751,3.476165477156323
2752,13.560564010736249
2753,8.354499301988294
2754,10.975724422009227
2755,0.27543676824672886
2756,-0.32145441623272064
2757,15.366893732950231
2758,7.138867648039243
2759,0.8276290840615307
2760,46.177959554179154
2761,54.969643125488474
2762,2.3738390381192795
2763,16.466055275582853
2764,32.29337519360291
2765,71.87778141535416
2766,11.846291217192226
2767,13.575441067409018
2768,6.117890497345799
2769,152.4409071221661
2770,1.7374817389443997
2771,31.200585113412508
2772,1.824456935616222
2773,11.496068497162543
2774,12.04574225876548
2775,19.124211464673547
2776,5.6659652038756585
2777,4.404201058323126
2778,13.370600420112472
2779,2.8819153121853165
2780,3.690138996314763
2781,17.598226453985454
2782,8.73520973486139
2783,12.316507845676117
2784,8.872653398626625
2785,2.5470548998382756
2786,28.64173978567193
2787,1.9310444717050042
2788,1.7637689198888453
2789,19.1421794896258
2790,7.55488580093917
2791,0.7274932054497603
2792,4.006103271459318
2793,14.093676295056106
2794,30.198996881026456
2795,15.40269072774374
2796,5.488111600578513
2797,9.883402058002515
2798,17.52288898377218
2799,37.62891186105306
2800,7.78205327921242
2801,1.856386695471541
2802,40.17208549782286
2803,5.05818093709854
2804,1.4156507608718307
2805,6.643634153493998
2806,18.074704327713384
2807,7.193884918860154
2808,9.82205447498608
2809,9.715897682214337
2810,5.089174638306842
2811,67.6229965744399
2812,18.66212416125252
2813,2.593210696041333
2814,4.240816215601201
2815,2.148891841091706
2816,6.658746881500243
2817,3.818497597574122
2818,5.267953553009136
2819,3.901795783519821
2820,10.743998935510753
2821,5.4850402326705865
2822,27.306135169099665
2823,28.185768577964936
2824,8.313586075897481
2825,10.077349568395707
2826,33.674997062252814
2827,4.065393652415906
2828,1.2022366211611715
2829,3.316455078060376
2830,21.292281217733375
2831,40.286787526010585
2832,11.001481195751552
2833,-0.0937659925334928
2834,0.8725185467073173
2835,26.54962612998005
2836,14.073454660274647
2837,10.453061170911552
2838,11.300303919444836
2839,58.636198409441754
2840,23.59510068433594
2841,14.000044850548248
2842,10.277675614175198
2843,16.58026525931558
2844,9.764662273633105
2845,11.479652014149439
2846,1.7447205904859542
2847,0.6824618874218868
2848,4.069771407820558
2849,5.4679472584983095
2850,6.403033548922709
2851,29.54010354215053
2852,7.903223137779293
2853,6.578733443811295
2854,19.051334045160893
2855,2.1749608138529624
2856,3.9647577873559965
2857,4.324549125154276
2858,0.9396494718490115
2859,4.024388387909393
2860,12.510909325305226
2861,2.015783471063044
2862,6.065436739896632
2863,21.531986333482887
2864,13.897643043140636
2865,7.5852568109144345
2866,9.602537812067391
2867,6.027115024083625
2868,2.7594917917461874
2869,4.106484833897293
2870,21.338856023261616
2871,6.1446858677007965
2872,4.253898647929937
2873,4.496398869267829
2874,8.623826795884403
2875,9.233159327390162
2876,2.5902850011006153
2877,2.4255815916450083
2878,8.267047223284141
2879,4.769963237114458
2880,14.233261864198237
2881,-0.045361187316705846
2882,14.598092665929205
2883,21.043617595779963
2884,-0.5331582006972907
2885,30.617619314808266
2886,22.322929437581507
2887,6.548737193426808
2888,3.9724804710378523
2889,7.097151753198115
2890,8.435273766776263
2891,14.223195123396648
2892,3.2932930435113965
2893,4.7944742045240085
2894,0.8937615540294847
2895,3.1165354614195686
2896,3.0030236715585756
2897,12.511529531355789
2898,2.405925928358016
2899,21.98968355453638
2900,3.6050381391811137
2901,4.41122094884409
2902,11.732853576002201
2903,0.894459529081664
2904,8.758552123695878
2905,5.3122176564095245
2906,30.795842964269244
2907,23.688928036297046
2908,14.162674059482736
2909,3.8983398471587205
2910,5.43700788404547
2911,3.483047446093517
2912,1.0455901728574584
2913,11.938757841650316
2914,2.2226559706619686
2915,2.9463917227562204
2916,55.15203822417131
2917,1.9622018554064027
2918,1.0522222024606764
2919,2.9208866107329325
2920,16.09039839847169
2921,11.048337497774199
2922,6.350136107606978
2923,18.92898295053859
2924,7.128507984657584
2925,3.727515853608014
2926,12.12103749655015
2927,13.387471254532407
2928,5.043399286920832
2929,2.9171473647868473
2930,8.473200253156936
2931,7.796732261466084
2932,15.662331573170125
2933,4.9005243894431585
2934,7.826024287710123
2935,16.117634497773135
2936,1.9438453540857255
2937,6.523000967091784
2938,26.70768224471881
2939,9.532081986380742
2940,7.877299531812578
2941,1.6116858756238848
2942,3.548756300233168
2943,13.385513795377788
2944,0.8410060400311192
2945,20.021691162248423
2946,5.945399449139549
2947,6.123901022547175
2948,2.826853296042482
2949,6.985372763692916
2950,12.967402849086746
2951,4.744497318462949
2952,4.128711039493911
2953,4.25083456832204
2954,5.2050866782514715
2955,9.714621512957413
2956,7.19203811800533
2957,4.4095202772358855
2958,9.232817030380938
2959,19.11734822665563
2960,12.521679223680353
2961,0.9098817001176799
2962,5.213632856004644
2963,49.083709406460876
2964,1.7599564650752233
2965,11.186412346827444
2966,4.809055589276505
2967,74.65822554447111
2968,5.591464276108866
2969,6.802453524277865
2970,5.209071664544022
2971,32.73961212355615
2972,55.071095709319046
2973,29.862335531115274
2974,7.11985342191819
2975,7.158283305016547
2976,12.031753297396309
2977,8.794975476804696
2978,9.008975148887192
2979,4.126407174720576
2980,0.6715365428762232
2981,3.1111701453710547
2982,24.319820278422885
2983,85.63480352068528
2984,-0.20933892432562293
2985,5.289188127707399
2986,0.45406244152230035
2987,15.395764351924267
2988,28.439586553703982
2989,0.589818876785604
2990,88.4471670431488
2991,4.47838508700678
2992,36.592184300485116
2993,29.75920140099386
2994,6.179224924434912
2995,16.86129264132739
2996,24.98847750758608
2997,4.885321698067135
2998,5.474982235800442
2999,4.006226570602663
3000,14.367969942470054
3001,4.350453741844347
3002,5.207944470060758
3003,4.100949148754789
3004,6.531336804946557
3005,0.2252490671466422
3006,7.363970659551365
3007,0.9726536133151686
3008,14.182297061176037
3009,2.3387569989357946
3010,1.2977976165173513
3011,7.707772047830012
3012,8.895239700918731
3013,29.442430842653696
3014,12.984330026314211
3015,3.5254333191249003
3016,2.7923061591307246
3017,10.54059571691298
3018,-0.3131592719906853
3019,3.06323616601301
3020,6.444830610357445
3021,10.36710667956893
3022,4.885725177041093
3023,3.6273859930939993
3024,1.5811834221443368
3025,11.795871317595791
3026,3.480057293179718
3027,5.786108294229534
3028,3.3433410126381116
3029,1.6616577370529113
3030,3.0899842018206574
3031,3.2220080365143144
3032,21.13715492250452
3033,4.595053378459974
3034,13.96337146775788
3035,20.80372375051734
3036,25.519951998436046
3037,0.8808578239065757
3038,28.44202272851361
3039,17.550794054604513
3040,41.71309284679337
3041,29.778401765771566
3042,0.345095099443606
3043,22.427133074630337
3044,13.288771135916589
3045,4.172280083850344
3046,4.882810031062858
3047,4.48413773420537
3048,23.564827838185355
3049,5.138417700867362
3050,0.8046285327217192
3051,5.3743013748317585
3052,45.274150424715636
3053,7.561876570567838
3054,12.184654995568536
3055,34.151507406307026
3056,47.494232351444275
3057,6.706279191901522
3058,7.8617853540755345
3059,51.25157708699993
3060,12.8847893162211
3061,13.17558918128394
3062,11.71368545075242
3063,3.79545932433126
3064,3.7127460197827804
3065,5.2605971694018665
3066,7.992069447036838
3067,1.772577536749762
3068,8.280149742047415
3069,32.05479089951318
3070,1.374941418191502
3071,17.436507426604972
3072,1.8126290066147053
3073,3.3712725604727845
3074,3.78991855146709
3075,10.355999595460572
3076,18.05758302412285
3077,7.296011944364623
3078,2.5055186323479974
3079,4.2843593323303395
3080,10.673979345086483
3081,23.771577853656733
3082,3.7740054007277943
3083,1.174085437489497
3084,4.492469276148932
3085,7.162461181142517
3086,6.645820158393719
3087,11.691007668110736
3088,27.529880213819904
3089,6.423915757560936
3090,17.642571997547435
3091,34.208570752361574
3092,10.910845242631744
3093,5.821963552249317
3094,8.676501806956319
3095,6.639947598264026
3096,8.642705243396602
3097,6.510268667847421
3098,5.693130916150091
3099,1.5125859825768007
3100,4.799600004776362
3101,-0.3620853925720716
3102,9.847395973756983
3103,4.239643273615475
3104,2.980762007460982
3105,24.38745819949033
3106,8.058828331420754
3107,7.2776350798218035
3108,15.244173220095673
3109,0.09965993633141024
3110,6.6071930818413716
3111,3.507594596482509
3112,21.017563714907325
3113,27.86792518331337
3114,2.4596442980270985
3115,8.626831087084753
3116,17.7892787978022
3117,5.726336112952144
3118,16.070701659910878
3119,1.5720962987864493
3120,0.7133781612665869
3121,4.522736170949381
3122,5.997088753029027
3123,8.89551282216913
3124,8.125997497917067
3125,5.111952103568219
3126,0.2772922327155613
3127,3.8184628555316285
3128,7.447793005808622
3129,22.99225078959131
3130,4.082282609257065
3131,9.153683212955151
3132,1.5713819206227955
3133,4.905977016312792
3134,3.2777775921968164
3135,6.2414745755465395
3136,38.38920841666259
3137,6.0788467496463445
3138,36.63860117263437
3139,1.2217537259289792
3140,14.373618437469151
3141,1.6578069277804652
3142,14.683420175335396
3143,22.22744103440609
3144,8.26467591924792
3145,2.9416045481953423
3146,4.66258641175828
3147,18.472456079433098
3148,4.852007576993385
3149,2.058542007194642
3150,3.592715763761297
3151,1.6177429887692216
3152,11.226817657758158
3153,5.713557753221518
3154,0.7064546550530502
3155,41.67340981212944
3156,4.968631806650754
3157,3.69879811620363
3158,0.7670280193838058
3159,26.37823513239974
3160,2.4295562429581388
3161,5.689428859695599
3162,1.205027571246887
3163,8.845046021116845
3164,18.995660000147435
3165,9.823039273973903
3166,11.638889368341605
3167,10.997985220958395
3168,14.549403172523467
3169,1.582851185118439
3170,18.377242084583656
3171,2.084118852638299
3172,3.253898455037348
3173,0.9174108964139994
3174,9.80554087473744
3175,13.328237251886483
3176,5.8892921642171165
3177,1.0367992237682502
3178,2.782701999839467
3179,3.4531847059262577
3180,1.7758012900967588
3181,9.429967958939024
3182,102.87437427368353
3183,2.287113750007029
3184,11.260836296063205
3185,23.525664346003634
3186,5.997836004676545
3187,2.4740604415708565
3188,14.97260308743162
3189,4.407540642706366
3190,5.054471929898232
3191,3.5470140497971796
3192,0.12317933861923493
3193,6.186089411376019
3194,14.81453562803881
3195,7.435935308501786
3196,7.164177643174433
3197,8.890830553190568
3198,17.068598923086665
3199,9.532286566069242
3200,13.978788133469303
3201,4.146898840988325
3202,2.851042515918293
3203,3.0386943664223622
3204,13.027397227037001
3205,9.777405768805226
3206,4.8845931311008135
3207,28.777389687977685
3208,1.2132559513852321
3209,2.790616843505531
3210,4.295820403339111
3211,19.32467756273458
3212,16.831774573632277
3213,17.02721358048735
3214,8.430077878858803
3215,18.589976571442836
3216,0.7149205205554646
3217,3.0694273217158843
3218,2.605920807142964
3219,9.59800034347576
3220,8.077500096648171
3221,13.616626175343589
3222,2.6988291333448053
3223,16.59430532821464
3224,4.375885056475604
3225,13.29280628946937
3226,-0.14747631879780593
3227,26.47818075113906
3228,5.522468264527441
3229,40.992145757592496
3230,27.18045648391422
3231,9.652737870147245
3232,4.951400665203133
3233,6.106693358911621
3234,1.3192563974113654
3235,6.529803467291701
3236,14.449948738466562
3237,14.53323418977588
3238,3.0616372875723896
3239,10.76720530236494
3240,10.161690755404274
3241,48.53855920895413
3242,20.431617092247663
3243,25.051604966387135
3244,6.919213700813445
3245,19.757032905715533
3246,2.804771565335418
3247,2.5360802095373707
3248,1.4176439793467255
3249,5.275822783456089
3250,12.197725312716079
3251,15.356195008792868
3252,6.666501535718127
3253,1.7495729563077993
3254,14.649996483304253
3255,11.084532935765601
3256,20.90130714254547
3257,6.180784606068508
3258,18.50500839542839
3259,38.63617801328322
3260,4.409595291502514
3261,2.101499189876277
3262,11.194160094745232
3263,1.1314284718061076
3264,6.683662199659819
3265,6.259972217887958
3266,2.2868915720665672
3267,8.64867854218741
3268,1.629367935118475
3269,61.758270351585786
3270,16.3529663995386
3271,-0.44442087663028457
3272,7.737136623379084
3273,8.855488739255348
3274,37.1097467606899
3275,0.703804163125278
3276,4.182052308132241
3277,13.718860494541326
3278,0.7793680253479033
3279,15.872840460603488
3280,1.271665065581161
3281,2.4598189084895976
3282,8.173308195969126
3283,2.603213682279093
3284,34.91384354709313
3285,2.347557028749593
3286,22.462979218757372
3287,19.554551110215233
3288,12.145408436281523
3289,54.47703808522111
3290,4.965838013313262
3291,13.469361467099263
3292,0.7436037360684511
3293,64.40682353040896
3294,8.275673314628834
3295,3.247207008370374
3296,10.47410986332958
3297,14.678859070604975
3298,14.277963792864513
3299,9.033271474510634
3300,20.657517167356954
3301,11.087285539752424
3302,1.4661772904418333
3303,9.418833546881293
3304,5.815427464493194
3305,2.335202882579914
3306,7.200177041697191
3307,5.72696288382111
3308,49.44132486744492
3309,16.1773619382202
3310,0.29442031751606573
3311,5.111050025423946
3312,23.930532570921642
3313,16.194746847633567
3314,1.046225022414364
3315,17.348753441748958
3316,5.670478823431885
3317,19.71249475390508
3318,11.86403538551301
3319,33.00020098503924
3320,9.698048202583356
3321,2.9246457161647315
3322,4.525251705551038
3323,4.059789243055641
3324,0.03471100710325531
3325,0.5116273112589689
3326,5.520365947406769
3327,12.240384552824043
3328,-0.10149675001678421
3329,33.93957346083096
3330,5.592925321232582
3331,28.389473507460906
3332,1.5227966511787885
3333,0.14951810942624358
3334,26.41147719062328
3335,0.5646982984277057
3336,20.44161275730845
3337,4.6578240465290826
3338,-0.014370536680326857
3339,14.749172328845626
3340,5.238571605945764
3341,5.9809344778221885
3342,4.246485390435226
3343,26.11781347320431
3344,0.5825855283872018
3345,38.259936407364016
3346,-0.37131437903948855
3347,7.034902139389418
3348,3.5137148875926787
3349,2.0968764653884104
3350,9.838310436463573
3351,2.8750356219129976
3352,2.439698288298886
3353,22.057514098314495
3354,0.3007092169921811
3355,9.914794174352286
3356,4.608593293856309
3357,19.05208017121927
3358,6.924299732866305
3359,5.819649408183523
3360,2.1232334297635926
3361,37.844292733259394
3362,19.251027241840717
3363,1.9026230476638806
3364,30.139065026233492
3365,27.47439782627748
3366,2.4954609865595936
3367,2.4712992592109706
3368,27.23746536537045
3369,12.31081418477519
3370,39.50181246406809
3371,2.797774037628789
3372,6.450495493262182
3373,12.250075816015189
3374,8.145353196339107
3375,10.723941681151901
3376,36.683461949241874
3377,0.19075186842843814
3378,7.340754527992233
3379,7.8784997555338085
3380,2.9614569019323165
3381,0.12747432829637237
3382,2.2472882198306214
3383,10.278732622553258
3384,63.497586201682786
3385,18.940243394858022
3386,6.595781231544594
3387,2.6963561379940733
3388,5.077590596221142
3389,5.319141653204175
3390,6.56917672216586
3391,3.0312739520648897
3392,0.45312748160170524
3393,0.27977836828575126
3394,39.130451943626134
3395,41.39760547807113
3396,7.865148161544194
3397,19.03354509336535
3398,5.669418043593194
3399,126.83745404646359
3400,5.414400274050555
3401,2.2867864681333905
3402,5.289634152114645
3403,26.16738302610896
3404,6.606064004252081
3405,3.328086727615083
3406,15.651591951311351
3407,59.21883218819072
3408,9.739846023291697
3409,3.0450914245662815
3410,0.7899902197531251
3411,0.1005429333849582
3412,3.7938833660352795
3413,16.920337226200928
3414,1.5255978313392478
3415,2.17737406657323
3416,8.437298327396181
3417,-0.23812926831329678
3418,7.7880334535547675
3419,3.4031634550987513
3420,10.3958903867597
3421,11.64678192362831
3422,1.5765562493481153
3423,2.626916376163766
3424,2.941625604866959
3425,5.819875081253189
3426,2.0182948417723314
3427,0.8478185302729299
3428,4.087793304063552
3429,1.2630435234513857
3430,12.535753310319496
3431,6.586226045405599
3432,28.460249711834287
3433,1.108268130307681
3434,9.996470715221557
3435,12.26774576618777
3436,92.44146054112014
3437,23.73490929954085
3438,6.174073612894346
3439,1.5809837411360457
3440,3.3804920862141556
3441,17.62104226107741
3442,9.395954474721258
3443,2.6703236483964
3444,3.30892008275513
3445,4.910604668036736
3446,6.359056630182217
3447,3.8491200724662
3448,6.030990046038679
3449,46.225848842266565
3450,1.4587197262302574
3451,-0.0282926193987304
3452,12.727098208521376
3453,17.23958750015471
3454,7.2745373536511755
3455,20.665950663428102
3456,6.598378994873734
3457,2.1557058969641787
3458,5.083865226843299
3459,-0.041657171200507326
3460,31.217756747236304
3461,63.05267687358079
3462,9.609041638807863
3463,0.6527587526514561
3464,5.740758462321591
3465,1.8521027343249474
3466,16.996686226436363
3467,1.7328176183552515
3468,0.47841690021709926
3469,4.682168247922564
3470,4.179005058437434
3471,3.212323719471802
3472,0.38373596793664755
3473,6.30576541029779
3474,3.9776864526397255
3475,5.2884959042068225
3476,3.0221714029961837
3477,1.4948374168341805
3478,23.338081779830713
3479,5.589871404992964
3480,-0.07550171330709755
3481,1.8292175710458005
3482,4.321100589941579
3483,5.151011884077686
3484,16.625464131810062
3485,8.051278645879501
3486,19.040707971546443
3487,2.547879466262398
3488,5.134150152675273
3489,1.306770930527104
3490,2.7915792756818774
3491,12.56081434157156
3492,7.21129668462031
3493,8.233076837666578
3494,4.928636859512655
3495,16.904930294751097
3496,28.045471636367513
3497,23.88558227884548
3498,5.069261050116268
3499,3.9946928751297754
3500,18.333762131541487
3501,6.752219639458563
3502,2.941702328154024
3503,4.657427411453498
3504,0.9483382408435348
3505,10.329051058145287
3506,7.050101597058458
3507,4.2075500738756935
3508,208.3430145132134
3509,39.086646869206845
3510,29.98386570413724
3511,4.74382574167087
3512,21.328415419616725
3513,5.522646450220409
3514,0.5212672569675767
3515,4.7753584248737795
3516,2.2708710091465005
3517,27.363882862067147
3518,1.855933878216286
3519,8.342551906523523
3520,19.74251356206885
3521,7.110814007195876
3522,0.2795428948029193
3523,3.977927152747211
3524,36.05924348487158
3525,57.31503414239601
3526,26.50644432084095
3527,73.54550450355458
3528,2.321098031079077
3529,2.7886663071012494
3530,6.958497639723316
3531,15.686005960316939
3532,7.498921865057291
3533,24.282057693888316
3534,31.244701999163993
3535,1.1714383986115968
3536,22.7613289751701
3537,9.9385625170834
3538,22.179441466913428
3539,12.679886314928732
3540,47.26633423385612
3541,23.28933700259596
3542,17.153110597503968
3543,8.073399339615417
3544,31.630815677114576
3545,4.207982858234973
3546,77.45169364846109
3547,14.701509269647994
3548,14.787991444922133
3549,7.855957004726206
3550,4.9882376119749
3551,3.037315456639358
3552,4.07509754564315
3553,4.806354149958283
3554,1.31148261455284
3555,-0.20077298614543215
3556,7.773679198279839
3557,0.36738886253371056
3558,8.008771103306287
3559,0.09172307487574846
3560,0.8279548625285934
3561,43.45642756589256
3562,15.200403813530178
3563,0.8664317981904194
3564,4.365923228573408
3565,16.281950961555467
3566,5.452288139996184
3567,2.9258531909816976
3568,7.219954208749298
3569,8.277072053358204
3570,2.7056739638936267
3571,1.9886317006364669
3572,4.883792236320504
3573,9.394228704067432
3574,8.53208592093602
3575,8.757644545793934
3576,0.4205217116266681
3577,6.241558895763874
3578,32.755485788825574
3579,4.291106555628015
3580,31.14572897139474
3581,0.19506344993830055
3582,6.877312121364423
3583,3.7578336354066217
3584,16.530405896543755
3585,23.743605109646943
3586,15.507020766765308
3587,1.948728091348882
3588,3.3842034738336704
3589,6.522697769651995
3590,8.277148556207505
3591,5.016489263403275
3592,3.390169818013409
3593,3.9937609557043268
3594,5.0064773478634
3595,3.5319477834498856
3596,5.480596772862593
3597,3.1192448150940164
3598,6.555724683543622
3599,22.186082329173747
3600,10.658211483155245
3601,0.8832621803806806
3602,1.6332243804413251
3603,18.011785644338676
3604,84.87770342496286
3605,11.822351777789583
3606,9.365502062269574
3607,8.331303647337641
3608,7.084420527271694
3609,6.184927312819844
3610,4.083737990104559
3611,22.171208717293975
3612,5.244329151787054
3613,7.008227236823757
3614,4.921080956309414
3615,4.032457323347406
3616,11.160228256664352
3617,13.02943650758359
3618,10.896879682476216
3619,16.998561430557466
3620,3.8370389021792715
3621,4.711732489075777
3622,18.188875786740603
3623,2.7961033762680976
3624,4.473872925766487
3625,8.111039121728604
3626,3.447148714577674
3627,14.444730894952373
3628,8.012228575512264
3629,4.364403599940838
3630,6.837955411766554
3631,2.2833182462919455
3632,5.249534823895574
3633,17.12883088462077
3634,6.949902227414231
3635,22.97663569004159
3636,5.860493126034994
3637,6.677085377009813
3638,17.359353144799762
3639,2.7119117157934998
3640,0.7747148338934623
3641,11.60743763608962
3642,20.142863674838907
3643,5.466200838961646
3644,6.19426280850912
3645,21.020301368653207
3646,2.7697727655201803
3647,5.3995995177076725
3648,6.520992229363124
3649,8.685449123767018
3650,3.6580836038362365
3651,7.891332764261566
3652,2.0268729172820033
3653,9.653098601018081
3654,9.13443706368706
3655,5.455911435388407
3656,6.145626619892422
3657,44.608744268825546
3658,8.808388655326326
3659,18.375197273423694
3660,13.130949462275295
3661,3.636497264295665
3662,2.7155703892751384
3663,14.71548233727184
3664,9.083921880928926
3665,10.812292521270486
3666,-0.24478884887626856
3667,6.148661716723714
3668,21.19274691812402
3669,155.47412417882234
3670,4.542026824864396
3671,2.429407373668916
3672,4.286870439358248
3673,18.262653849098246
3674,0.17179624490030554
3675,10.719003077523869
3676,1.6423963456546724
3677,0.07036189092459712
3678,6.882730494947513
3679,3.080199549139967
3680,14.678671156692918
3681,1.3142068839054568
3682,8.263229714859682
3683,-0.20907986143467455
3684,1.5692413780139889
3685,1.5422892053398516
3686,4.570158495237841
3687,25.85894747928049
3688,3.637912925446586
3689,3.431523021298904
3690,12.130826302827481
3691,3.0225833138002005
3692,2.933627581179954
3693,1.4573067962047375
3694,4.5074610628867555
3695,41.565996484094704
3696,4.722792923247993
3697,21.942344405329113
3698,6.9273377834329155
3699,0.5409673007584637
3700,9.907819006911469
3701,6.550058816178936
3702,1.077548568939723
3703,19.641494290644797
3704,10.300925895533233
3705,0.6341987099196796
3706,12.315373504240739
3707,10.114308221475637
3708,12.703918539153836
3709,20.51083164665391
3710,38.7094763861414
3711,19.19771341779667
3712,22.928290500802465
3713,20.59086273244712
3714,11.80472674322751
3715,1.839221371124243
3716,9.54957919764457
3717,14.966698852789303
3718,2.2350196081756146
3719,30.36946191041384
3720,4.242792383595082
3721,2.2829796180222433
3722,32.8654934195993
3723,1.0573433540694617
3724,5.302403670440422
3725,1.3958052831127687
3726,18.39266750553516
3727,7.620881090276396
3728,2.454937276206915
3729,24.46445106340024
3730,8.016539076888803
3731,9.763445263789482
3732,1.851493914808464
3733,6.73500868186556
3734,14.006298717346064
3735,23.613530137466
3736,28.1788612379874
3737,10.863617996790195
3738,11.118393342276045
3739,4.350321756420809
3740,15.61232062660079
3741,0.0375383359564173
3742,2.1133466468673605
3743,8.830135588999305
3744,-0.547098737331557
3745,3.746487890188442
3746,39.05131283729067
3747,3.314519805427075
3748,15.258985497810372
3749,6.522812214976818
3750,5.089783157395642
3751,8.272123370736491
3752,9.024531950543297
3753,2.1215221915841678
3754,4.3314429550521485
3755,3.5197331022636233
3756,0.08115935769165027
3757,1.8510215164076245
3758,7.609090900213326
3759,28.591362882806497
3760,20.9213910791853
3761,14.28267930336076
3762,1.505052193347073
3763,11.144607428976288
3764,10.808164357073169
3765,6.0584692111355585
3766,6.7339574288375
3767,5.251017311268415
3768,7.942307254844612
3769,0.9224704327254932
3770,5.844552719598338
3771,12.098205407694824
3772,64.46952796209649
3773,10.227907623222642
3774,3.3418310960539737
3775,17.670498432044308
3776,3.559613708876627
3777,11.01172892905718
3778,25.90682115093971
3779,4.251381342862929
3780,11.349441617930342
3781,2.0853749007296476
3782,43.316180222277744
3783,8.641857183311176
3784,0.3167149318451757
3785,36.05999173159163
3786,1.273690548395875
3787,1.903731587169019
3788,4.16548308668651
3789,4.124012190667053
3790,4.76269780802893
3791,6.487123418494069
3792,7.177923885137145
3793,-0.42860360465143144
3794,2.519825671734473
3795,15.803202403484656
3796,10.983596283338274
3797,11.984433384092158
3798,2.289491257882557
3799,14.536863558608468
3800,10.509577744625219
3801,11.635168721949364
3802,4.1246431851905925
3803,9.639661794529987
3804,0.2919814016316973
3805,2.890482685331357
3806,7.348565740883762
3807,3.073598437986417
3808,21.03173426106658
3809,2.2945049075896136
3810,1.3408776855577331
3811,79.68492571848707
3812,18.56161536434837
3813,17.150306449892458
3814,1.1407273800635394
3815,11.820603899937273
3816,16.977260676693977
3817,2.123184473282888
3818,141.73182305247084
3819,24.32808259197908
3820,9.717067461580394
3821,2.1865310491843366
3822,11.444493995536925
3823,7.723009562288769
3824,15.207168801232363
3825,13.878672861143604
3826,1.1872397033723647
3827,12.28128149973807
3828,0.19107865902104426
3829,6.043060057624306
3830,11.540883224481146
3831,10.617152842863277
3832,43.526793537021476
3833,3.2082683670646124
3834,24.900815884282988
3835,6.329350464149969
3836,9.956621765000932
3837,17.75118798531035
3838,0.9193133638853707
3839,1.5673719920989604
3840,2.194926983611383
3841,6.69662819698449
3842,14.604355104113717
3843,9.945759741738117
3844,17.539097443810682
3845,3.0103549368224303
3846,2.154475684516595
3847,18.913127570553623
3848,5.485389986816289
3849,1.8857652960843045
3850,11.815333154386913
3851,6.400570651439305
3852,3.454077155229437
3853,8.889800998982059
3854,5.230963041289239
3855,1.8637653259623344
3856,6.567875541737307
3857,9.335624676043027
3858,5.473236726633664
3859,2.6871472366950906
3860,11.419256240087034
3861,1.216358969157321
3862,11.132263040019359
3863,43.977679326561
3864,25.27812153165606
3865,-0.5442198326902399
3866,4.085562924679101
3867,2.385425165822963
3868,0.6469982394510916
3869,4.614466237601183
3870,6.945587073832688
3871,9.872976341277763
3872,38.36103770454872
3873,16.359496076078983
3874,1.0253100319460315
3875,2.9929541992684756
3876,5.708513945716425
3877,5.1469288892579295
3878,4.1331315694458315
3879,2.0650204730319306
3880,1.0153047711462888
3881,30.87115223708272
3882,58.640426633208556
3883,6.388617101982806
3884,3.3673106548945206
3885,0.5696490370430329
3886,24.105173270059602
3887,15.148946041087441
3888,5.276636860751453
3889,91.44757604327279
3890,4.018292569561111
3891,9.26771613299118
3892,11.996052878201686
3893,1.9124484943601103
3894,1.5329307170912598
3895,1.003918230791903
3896,43.74011421137887
3897,25.609746218787155
3898,24.32211651154114
3899,3.6261339509097255
3900,2.060524545915446
3901,1.067592275795461
3902,13.813930199447334
3903,8.550670979607633
3904,17.493384455848375
3905,4.18257801610314
3906,10.385448556704809
3907,26.839953344762893
3908,8.157062204274004
3909,19.109585354861263
3910,4.638161538942932
3911,0.03605134070545075
3912,3.392658097860319
3913,13.247018108503083
3914,5.841563996925061
3915,64.31793296695975
3916,25.645956031251192
3917,5.228446127637411
3918,17.519572714241264
3919,2.1890917232129756
3920,10.168032750276549
3921,-0.03197261938193027
3922,0.6820381339245909
3923,3.2485642034951674
3924,1.955383161226479
3925,16.89796461292354
3926,21.01066989898316
3927,12.969370885443077
3928,7.2402729873731415
3929,11.29517527385277
3930,19.456742328377814
3931,67.94412940894911
3932,1.0584100080718748
3933,84.30277758789963
3934,7.488570313055124
3935,3.915628050939513
3936,22.143975447748375
3937,8.279146982687436
3938,12.855141860782771
3939,14.17629244311972
3940,10.508280509379466
3941,7.22509730508254
3942,4.132943260126534
3943,88.68900053056235
3944,4.200631973064999
3945,2.5846815914007695
3946,3.7205999860942645
3947,17.948755877823178
3948,1.2675019805666399
3949,12.903365078495778
3950,12.990470826543017
3951,0.882784019477794
3952,1.7655109994709854
3953,14.183073939241108
3954,34.07668240974681
3955,5.811982840109522
3956,0.20678768318430324
3957,8.262799059514249
3958,17.073931980536905
3959,16.769246223650043
3960,4.9821943367245245
3961,16.30203109083585
3962,0.8633989120999241
3963,7.830163782587858
3964,3.790646516814937
3965,0.7770608696186249
3966,19.130826651654598
3967,25.62821577537518
3968,12.28690090216932
3969,18.48115226127711
3970,21.910256297319787
3971,0.5474385408091804
3972,6.63902054951002
3973,2.7230772088749844
3974,-0.09037432715457412
3975,33.26046169873097
3976,6.150976233632209
3977,25.78565960639641
3978,5.600078539262096
3979,1.8384364973433065
3980,0.7164439339427772
3981,6.395352816783432
3982,33.773746111569004
3983,2.669050415033712
3984,40.140317664230466
3985,3.8040829996935352
3986,5.833815466611842
3987,5.575027024510107
3988,4.720794950908499
3989,8.93579349575997
3990,13.93797594777078
3991,2.4203425259532216
3992,9.363226615061956
3993,5.270973538460694
3994,48.655048706736245
3995,5.841239518352345
3996,3.374807164884983
3997,10.588753731366705
3998,22.35652614324211
3999,2.743504042557223
4000,3.982907063204183
4001,11.021542221633835
4002,28.231377618551786
4003,12.067322165274536
4004,8.746510748375002
4005,3.337029625049104
4006,14.08858095595961
4007,11.871656988231935
4008,27.439931465872753
4009,0.4330615858661502
4010,1.6546367596354719
4011,76.72537372962829
4012,5.102385215904791
4013,4.738287953050578
4014,5.033730631079972
4015,2.1377124489677346
4016,4.436158919569016
4017,11.109797192922656
4018,8.976053592797859
4019,0.9451746589291619
4020,5.803672264241158
4021,0.5298248049091799
4022,31.28918811982968
4023,12.708460360905054
4024,17.506892300771863
4025,7.255168088961265
4026,0.8623640251150451
4027,2.5607544284172112
4028,22.734744665121667
4029,14.471731115580862
4030,12.145480090789844
4031,14.01790344065952
4032,6.142046505710477
4033,3.5090875642687838
4034,7.165978382648249
4035,44.34004206302209
4036,7.171186838836254
4037,0.9270054061732907
4038,1.825663453675635
4039,9.11666169991238
4040,3.8559008530975256
4041,9.411454759372871
4042,3.0385544349074625
4043,3.4802611025774755
4044,10.89254959992432
4045,12.880278933391443
4046,19.1743310796637
4047,2.992915301777613
4048,0.4009305015779916
4049,0.19806498977381398
4050,13.793856227819639
4051,0.6462020414686745
4052,8.835721346601723
4053,2.3037690201918997
4054,46.365336816348595
4055,0.18142501423835264
4056,57.80809385176039
4057,0.3484646022171478
4058,5.7015639771479405
4059,4.994681245835038
4060,5.21219352354881
4061,5.141994262181272
4062,8.012140559929838
4063,19.591678752684043
4064,4.595421590502851
4065,11.753776544686206
4066,14.198829631501285
4067,0.05630950600103737
4068,1.4499986789468686
4069,11.30446720690141
4070,8.208015619430293
4071,54.56056604604565
4072,79.1811656750159
4073,2.831149812548983
4074,19.392971554858466
4075,4.370017492507581
4076,2.198622138558408
4077,52.9328382697313
4078,14.86791097974492
4079,7.3409300125764085
4080,5.944911693369741
4081,3.657084747190894
4082,3.5373823730575618
4083,5.047224065163392
4084,4.982187634155261
4085,15.233573492640765
4086,37.80847454219043
4087,0.5869649926639632
4088,9.292982170836451
4089,2.915777234793786
4090,43.92613329684325
4091,3.4532344170581664
4092,9.347922690743344
4093,-0.18748197201121522
4094,4.933916969776441
4095,0.24181218316049688
4096,1.6329089713821123
4097,17.809195359365198
4098,6.1588703457424945
4099,9.656127298863451
4100,2.1268193862266993
4101,4.382211525213146
4102,5.578902113705582
4103,21.834682439336774
4104,7.051604596978751
4105,3.065997065639463
4106,4.676335137208956
4107,30.59264630109314
4108,10.271145479929942
4109,0.9671018695432954
4110,4.118352223667074
4111,5.901706824160519
4112,8.425551581561724
4113,17.311448609431892
4114,4.375422764318985
4115,1.3564941077561559
4116,6.085719856060655
4117,1.386671722648662
4118,7.467523648867793
4119,26.305485448877977
4120,8.578812358259638
4121,4.159818163131168
4122,0.8394169435832526
4123,39.442779567948975
4124,42.386121805521476
4125,0.7220545565805063
4126,7.018515797341599
4127,8.376212040396817
4128,2.2738287542118822
4129,9.884288907572623
4130,1.4522150743541482
4131,3.5820987491866845
4132,11.111348968534319
4133,11.330057895935552
4134,3.0042393516592485
4135,18.369889635133692
4136,4.190050098512419
4137,17.589820758278773
4138,-0.17577820368112237
4139,5.084048631524384
4140,7.1585229085184965
4141,-0.21769612291440887
4142,11.641988901334457
4143,20.27685374307456
4144,4.608523464094215
4145,58.72811180128363
4146,0.971642571616467
4147,4.913326234519535
4148,5.566072188490797
4149,43.54788616655478
4150,6.738195607149994
4151,6.070498735685784
4152,54.57423621404944
4153,2.900088494890322
4154,1.2692384671151837
4155,3.7294611757557723
4156,4.785516346310793
4157,1.071067338563811
4158,2.638546019909765
4159,3.471283532152405
4160,2.413569712647716
4161,2.9527981678821846
4162,19.189863085358652
4163,15.060370107319818
4164,36.92769952133782
4165,5.263578489606451
4166,0.9620387898350135
4167,4.158016046420468
4168,1.475450126194219
4169,2.9269474175444006
4170,2.6792454098588574
4171,0.9863423901734808
4172,7.635816097203315
4173,0.7143101086226293
4174,6.436516712122759
4175,0.3908810341464241
4176,2.330192798612224
4177,14.106063531817128
4178,7.223175275097624
4179,-0.010930543830780074
4180,13.091406346813324
4181,0.07936236727276912
4182,10.111336994690216
4183,5.751364570793528
4184,2.3753669734037963
4185,17.84471862282929
4186,7.5027683698114425
4187,10.196635113589577
4188,4.022280968151212
4189,4.225052407506302
4190,1.2491390272179663
4191,21.0401091222206
4192,6.05256909070379
4193,10.922803711717137
4194,4.963970142666731
4195,4.010609673042556
4196,18.22885521880967
4197,4.44072424062542
4198,1.658540221056942
4199,10.051456972395888
4200,13.895985342603995
4201,3.6760479180021948
4202,7.771547215372886
4203,18.5772114338439
4204,4.711140943118083
4205,9.313456248330755
4206,11.608833643220672
4207,1.0247120142754844
4208,13.802383618578084
4209,11.228606578636441
4210,8.25555934735412
4211,6.987308467781615
4212,7.866612575239479
4213,14.497841404044024
4214,0.421252718666986
4215,2.3592928910151754
4216,7.423082977446145
4217,1.9325034943108643
4218,8.471906837626669
4219,6.0464239207523915
4220,1.910937161430672
4221,4.344856652658307
4222,0.8392235557932821
4223,20.27754828602016
4224,3.9780559154910793
4225,19.3049418659511
4226,2.94886796720969
4227,9.584360414149613
4228,3.3225492620810813
4229,1.625163160618786
4230,4.962175617685459
4231,2.845482911866711
4232,3.206060017800402
4233,51.546702597545575
4234,0.7531783354041186
4235,9.551502522995328
4236,3.3631001319236535
4237,8.87051973576311
4238,5.364467414858605
4239,51.437433537301644
4240,-0.6495710581914074
4241,1.4434045620121079
4242,2.059839606736511
4243,1.0013563873150533
4244,18.10186783509501
4245,3.6978331957967403
4246,2.7165256997813327
4247,15.131934501345183
4248,4.818021639434552
4249,6.190424052360487
4250,-0.005906711850091018
4251,31.292903126501667
4252,2.245678962637853
4253,30.177052458820423
4254,2.53851122820286
4255,28.59123025695834
4256,15.34237758465785
4257,38.61572530668754
4258,0.23562019728517636
4259,19.66367378611169
4260,3.9581711005933222
4261,0.7241987035068995
4262,23.242160502832935
4263,4.076640693334549
4264,20.500137426663436
4265,30.243228268476877
4266,2.3342844791739887
4267,0.605237556251294
4268,4.620973996252141
4269,26.85166882768116
4270,1.0442456138263596
4271,41.121634376401055
4272,30.666612568227784
4273,17.160470423540986
4274,7.830674925897199
4275,8.178228868123426
4276,10.855339993713029
4277,7.539868480127716
4278,1.3318751727035807
4279,1.8171292570121025
4280,4.673193673951533
4281,0.6890005324034348
4282,4.812846247342954
4283,8.918155671659447
4284,11.690459671255772
4285,16.950847193869155
4286,2.4189244332080575
4287,7.8920092732981715
4288,75.28929688187009
4289,2.194459965904286
4290,8.24887516740324
4291,6.5123476681945025
4292,28.732173761399018
4293,3.8705577082504816
4294,19.091100694813587
4295,2.1082734411709527
4296,36.19452704757361
4297,32.36477235975064
4298,8.396427120506274
4299,1.872303681754729
4300,0.6071471259900915
4301,3.4091958127235906
4302,11.583172511432066
4303,19.80604164435249
4304,4.621691478872831
4305,4.693347067789051
4306,2.7058749181610633
4307,13.863746021954771
4308,11.679915328101144
4309,3.2850489374510996
4310,23.09809983208663
4311,0.763289327735998
4312,19.95783951995937
4313,16.83106286106161
4314,8.056927097167028
4315,6.61541482965701
4316,4.56669223831684
4317,2.788896422437982
4318,9.14857186033288
4319,1.80276622891216
4320,1.1267995279658838
4321,23.90359280518727
4322,3.393546119797884
4323,8.163642627490267
4324,3.299130846297147
4325,19.19057899249645
4326,4.35091284739645
4327,13.725499353043642
4328,6.1630449635648805
4329,10.721997006964667
4330,9.325755294462333
4331,2.8044048192521727
4332,10.365595924629925
4333,1.0366349648280149
4334,9.4485349248007
4335,4.664379247333341
4336,5.19698688385014
4337,8.381495461292655
4338,1.3915469754012664
4339,32.48766112678601
4340,1.353264722203026
4341,40.69310527847376
4342,6.120585660901039
4343,-0.18271670875405474
4344,2.6707845527963516
4345,12.441724533224306
4346,7.909097730708855
4347,2.303302019152952
4348,17.12272453531083
4349,8.312203586550845
4350,3.4810994497053747
4351,26.529351847982355
4352,19.630647327581052
4353,6.4065539141875085
4354,1.5540332455908765
4355,13.204294280618383
4356,15.75139891844075
4357,-0.5112998579809286
4358,3.507640250607239
4359,0.2904237351233243
4360,4.899920916967707
4361,4.620030898069189
4362,-0.010443803006071327
4363,10.742389006733386
4364,9.364036984784788
4365,-0.15442457141896163
4366,14.365024578554108
4367,31.366974585927945
4368,30.8491033469573
4369,16.805191366017283
4370,5.861173372496173
4371,8.079425332090922
4372,5.928996437103416
4373,6.077502009036892
4374,4.813331291429427
4375,12.248890538475608
4376,1.9106165583289232
4377,11.895497767022741
4378,7.084445540762335
4379,3.5928451125367507
4380,4.099286796515327
4381,7.6515266223793015
4382,12.392539175200378
4383,13.225372648154966
4384,4.288136377611407
4385,7.128843925087929
4386,3.9027019703737666
4387,6.362713457122561
4388,3.5209613974744625
4389,17.597784273080645
4390,18.529490430010945
4391,2.5457667052654154
4392,25.623240219356802
4393,2.9283387909201095
4394,2.774839679584402
4395,4.72145099860499
4396,0.3064884365516375
4397,9.03772147672821
4398,1.522070295225785
4399,99.51354227328899
4400,8.85014614700098
4401,0.4673558678504174
4402,49.924564398285455
4403,36.51319153089416
4404,3.1913362980468656
4405,0.509782630030002
4406,10.93367779350731
4407,2.1305875425213694
4408,34.6651784566519
4409,7.317653516820496
4410,15.381447911834346
4411,15.016004104926395
4412,15.443116580228876
4413,2.2821882513519327
4414,12.360317814378446
4415,9.233997775512117
4416,10.068001539069357
4417,0.20662332337654615
4418,12.601677390410385
4419,19.256005204947872
4420,0.7048448996554819
4421,8.449726611593238
4422,-0.4168415840877231
4423,13.526466042123579
4424,1.2484673675135012
4425,26.505393322711296
4426,19.602239675194173
4427,2.876621611317307
4428,14.793049916310677
4429,2.5877302580462582
4430,7.2486773677301
4431,6.687558856589526
4432,15.043271688189549
4433,4.705570333870255
4434,1.1550928900806043
4435,-0.0049180492862727875
4436,4.50921587867273
4437,5.975608852218268
4438,10.227545556249973
4439,13.403795172424173
4440,19.93835721103092
4441,4.63978577505108
4442,-0.7716237230914563
4443,1.7054903892700033
4444,3.8078839322168125
4445,3.238550063245199
4446,3.1222352784115177
4447,21.234605980268185
4448,82.14533175092217
4449,17.63523104066862
4450,30.885265164413926
4451,31.810154716931375
4452,2.9536614004536985
4453,6.172942285488286
4454,1.5197277530484765
4455,5.405057800767733
4456,87.15285495091321
4457,5.777247966164259
4458,1.4607802419288414
4459,6.037930211030688
4460,6.616605739401896
4461,9.745085088021842
4462,15.299630244031956
4463,6.897353909899525
4464,5.563225758456482
4465,4.913681588309411
4466,23.510938739000654
4467,14.040980864919248
4468,6.120236439276646
4469,3.8815354990623887
4470,12.312735690956695
4471,5.193996134039556
4472,38.315506215145334
4473,0.5460323845170157
4474,7.165381942051763
4475,0.5671186791090179
4476,1.6871115300735025
4477,4.388237531090004
4478,32.010327939117516
4479,8.312764248983745
4480,10.516524929854395
4481,4.676895625268925
4482,0.39793477006629757
4483,20.5561037795616
4484,5.22753434548645
4485,19.796836746073218
4486,5.980500731437093
4487,-0.4553807118304812
4488,19.332508737803757
4489,6.636997707070732
4490,27.39931403605148
4491,18.77240376551233
4492,5.61870855130897
4493,3.887847796181526
4494,4.873615992572021
4495,5.349482835245179
4496,10.96416181642651
4497,16.173285251623536
4498,7.966956249390765
4499,2.5256123306894005
4500,26.34407268990724
4501,22.351062975788697
4502,-0.5602508441819544
4503,4.160423823961125
4504,5.7326750957633426
4505,1.4187870999574637
4506,0.05170362978785603
4507,17.31348645217163
4508,5.067289767381529
4509,1.652395407742502
4510,10.563207941690079
4511,18.947439941745902
4512,32.02512601039329
4513,16.394981616218182
4514,9.509278837413184
4515,0.5035464173528437
4516,27.279464098987123
4517,3.0689498770942665
4518,5.517487272514298
4519,8.401678698421456
4520,5.865497312868399
4521,18.099443093541847
4522,2.8759373230255156
4523,12.159498767863349
4524,4.632730203841116
4525,3.9537382793487112
4526,5.269123963790398
4527,3.149495591336804
4528,2.1825365008012203
4529,9.118824644932381
4530,3.0041218115432438
4531,3.398711155149936
4532,39.33347250535304
4533,125.17119548375169
4534,1.635264594649135
4535,7.864811139970916
4536,5.926844867767268
4537,0.8265526949510889
4538,2.3569532256220547
4539,38.28476190327627
4540,44.4093303408511
4541,9.804941819688592
4542,3.8425030446106403
4543,19.696385250032517
4544,0.6651604852366385
4545,6.835284874687278
4546,1.1757849838078678
4547,1.6502735438819767
4548,4.4623902051813324
4549,3.390235970417424
4550,3.2826240756983953
4551,4.528169778146905
4552,6.5073855485375685
4553,3.070095890776888
4554,4.904734055223385
4555,20.36889214919375
4556,7.889692141351814
4557,4.4202772849239516
4558,54.068178892335105
4559,8.369445436539838
4560,10.450784134072778
4561,8.23410801582093
4562,0.8444342323815223
4563,13.347237080336269
4564,18.789148708674325
4565,1.4761148031840723
4566,2.0873002052751226
4567,4.4147951496310185
4568,26.529422860318867
4569,2.9291689730986437
4570,16.353264435965187
4571,16.980817220288305
4572,1.365787649887575
4573,0.09076798683710213
4574,31.91275584979977
4575,19.783890695137625
4576,70.20153324934489
4577,3.468965748388224
4578,4.3127702654160425
4579,7.684782979354107
4580,11.846381882473718
4581,11.565816625702166
4582,24.64520233071842
4583,4.614296208354346
4584,3.578312648480458
4585,12.759097417652837
4586,6.456809349291164
4587,53.07628784931993
4588,1.9167503301175934
4589,3.282231044746292
4590,2.304705220229804
4591,0.5603208516425542
4592,1.516765732122253
4593,5.760516359097608
4594,2.9335637250944537
4595,7.288480908547672
4596,11.00123766627253
4597,19.83378817229233
4598,1.5770736480060905
4599,3.582374703703455
4600,3.2662879017608586
4601,-0.2511512575657996
4602,3.5954339783749862
4603,47.86167531968697
4604,8.457186671309145
4605,6.950269433658522
4606,34.99373710219696
4607,4.712130936454843
4608,6.316973711871938
4609,5.3382885419739425
4610,4.201470015594229
4611,0.8338472867869813
4612,10.83437280256946
4613,22.335143441885776
4614,3.33292933983436
4615,7.407951344552476
4616,10.81085410902184
4617,4.315271606180587
4618,9.447933767368152
4619,21.659679680952134
4620,10.780688809654391
4621,17.054137720697604
4622,48.85575389215913
4623,106.73873651673252
4624,8.731789811149676
4625,2.5898538605310772
4626,5.648093216171756
4627,81.46707306123317
4628,10.138037409201344
4629,5.88925928770092
4630,19.623533771586324
4631,1.712097402605643
4632,5.767819585345676
4633,14.322872884693954
4634,6.655565996134991
4635,3.4876361444987243
4636,3.9789384833783448
4637,7.390031187994449
4638,2.2114715352119623
4639,9.645297546073492
4640,8.637698520420727
4641,6.389042549681306
4642,0.616687470892774
4643,2.2937642206646167
4644,39.29747279813775
4645,33.10340723919413
4646,9.909130175884806
4647,14.215699260110247
4648,1.9588975895598093
4649,24.201823887199506
4650,11.163614673507874
4651,11.719842632074604
4652,1.108278063510162
4653,8.204516078544545
4654,10.59923372659747
4655,3.9320565206523685
4656,4.119807300385234
4657,7.626888260041671
4658,10.047794983078418
4659,25.384282672098013
4660,19.994116628126296
4661,1.0854831728244516
4662,46.678435291638564
4663,2.057317355929351
4664,9.835845087487193
4665,1.7866942418993919
4666,17.799844915230327
4667,4.573467680654254
4668,11.3577431844655
4669,1.6312774514788304
4670,10.974222651763855
4671,1.5566817924026197
4672,2.952882888036017
4673,31.151617525176412
4674,0.3282236837681816
4675,9.494453956888178
4676,6.544186084062225
4677,7.410143810810412
4678,28.70366830711997
4679,0.009010274829541164
4680,2.0006319217818636
4681,5.107651028019081
4682,22.279101286852594
4683,4.553105358436157
4684,7.761386268246246
4685,1.4432050467418538
4686,1.4273388162049703
4687,0.5421472739108182
4688,6.264419642533703
4689,4.0996535984491285
4690,20.55232886936439
4691,0.9752333637172513
4692,5.717387864078375
4693,3.6911901881825546
4694,2.2988202002889873
4695,2.1287973732582506
4696,15.8184364388317
4697,9.316781813730701
4698,3.1899069099528115
4699,7.978381758838801
4700,3.0023924329888225
4701,10.3831723844391
4702,7.333199792712199
4703,1.1862261331016428
4704,4.660826425411817
4705,11.218081755831035
4706,5.772924691417489
4707,1.2272954091874644
4708,97.41210924356753
4709,8.167454577799507
4710,3.340290645867393
4711,13.338065818957729
4712,10.07499071396567
4713,1.3812809230261602
4714,2.1897981747459045
4715,10.137133184250892
4716,-0.247574100266713
4717,5.908585003593195
4718,1.9178605168425913
4719,4.496972699916456
4720,7.661536654685742
4721,14.991128797158504
4722,25.30966279461136
4723,2.1271853511431003
4724,7.192905350956577
4725,3.4482038172282414
4726,51.02896192783083
4727,2.7910948997909526
4728,2.6415558181238117
4729,5.956262952215121
4730,17.643553377093372
4731,2.6685450628529597
4732,3.4196165727505656
4733,4.593019454861114
4734,10.450634716689821
4735,1.266686216307447
4736,24.525954711729433
4737,-0.18076094072122242
4738,2.1426744254618657
4739,10.890581615774472
4740,3.69045835837171
4741,15.148812193433342
4742,8.827259072326761
4743,5.301361761352841
4744,25.355290682171862
4745,0.7602280296819413
4746,6.243303803109534
4747,6.916348445869983
4748,15.383576006526493
4749,0.9583454118342418
4750,18.178871647593443
4751,2.5320886101865616
4752,6.002355428869345
4753,10.120398423632157
4754,2.5384046438973487
4755,11.811654508298385
4756,6.693905449722776
4757,7.49088483092532
4758,3.9958328756426402
4759,13.02562853764788
4760,4.83281866602287
4761,4.859445716164865
4762,6.956155173279842
4763,3.3517718075365126
4764,3.7916857395584795
4765,4.542628352112091
4766,5.557746690587563
4767,13.449798666202769
4768,3.9087290744361582
4769,1.0962967247665514
4770,1.2692965536395064
4771,9.738924528205205
4772,15.39860314606765
4773,2.6108108418193763
4774,6.5359563671218845
4775,2.504600969135221
4776,44.60664178874994
4777,4.14734652015404
4778,40.34679793727681
4779,48.67875531096093
4780,1.2431652635193813
4781,4.986438672959919
4782,25.28324203525429
4783,2.6901052586431438
4784,1.6732437726852003
4785,0.7778288047830778
4786,33.276089403275144
4787,10.701532769635834
4788,9.229232643002446
4789,1.076601566887131
4790,14.474809149922255
4791,5.9858654186203095
4792,10.614497227689819
4793,3.25022246058156
4794,16.631278511538056
4795,-0.20720626991890786
4796,8.711580049334028
4797,4.235566575124959
4798,2.1222459637812556
4799,4.695267877850164
4800,5.794907233436746
4801,31.44485290696598
4802,2.154680571999711
4803,15.053652904481751
4804,0.3396302128064528
4805,11.72422645935886
4806,4.731094715859263
4807,28.150937265035896
4808,12.033605068329903
4809,8.17919973705039
4810,18.91835744743429
4811,9.148633091546515
4812,3.01802902054837
4813,22.95701319683772
4814,12.011267578578538
4815,3.4428755058303793
4816,30.064750340301035
4817,3.105239683675897
4818,7.605482763798271
4819,0.3812460239823537
4820,2.5221146997402344
4821,137.472970295048
4822,2.6872969536058835
4823,1.5763708955536546
4824,16.2566656740966
4825,5.420442760551105
4826,13.867581179839444
4827,5.454980290527124
4828,10.263584414705472
4829,5.194962605642038
4830,0.8358606743758205
4831,4.421834639652794
4832,3.4497854030866337
4833,0.005927928177839363
4834,1.8222069949830892
4835,0.6670402797758129
4836,3.1489676443362624
4837,12.644037372899476
4838,76.89321618333783
4839,4.795918265800469
4840,3.5655099429996624
4841,2.7658512103074777
4842,31.032616049010063
4843,23.655357157569156
4844,23.331861803960425
4845,-0.3543484493150175
4846,10.821672779234566
4847,11.290768782626872
4848,53.619250896849934
4849,1.3465008274119477
4850,6.0074977883937235
4851,5.8878969885580235
4852,9.282892577710426
4853,2.7626283558757425
4854,-0.2063077377228188
4855,12.98488776104938
4856,6.905870513826966
4857,4.583180056790917
4858,3.1848910457213133
4859,0.6527224934102954
4860,10.396846135904008
4861,11.0352946568938
4862,0.12241462395141368
4863,6.5948078471248
4864,5.1299359897640295
4865,3.364511195257287
4866,19.746401759833216
4867,9.415422234006133
4868,4.261166708868141
4869,0.5048475492302601
4870,5.82715957334448
4871,6.6896041370071595
4872,8.340741588396863
4873,5.320532914420516
4874,13.298593781153915
4875,5.682623288345001
4876,11.335546647063799
4877,2.3944094456602483
4878,7.859255745568309
4879,1.9866165629320687
4880,2.9956819192499986
4881,2.95277813322125
4882,4.113090568102909
4883,3.0409286746066146
4884,2.7773313729272897
4885,12.320064565230663
4886,11.023154644543965
4887,3.3240400531372636
4888,4.051542708447699
4889,4.917963296312199
4890,17.036650579032283
4891,4.576064472248267
4892,13.528336352579652
4893,15.714046090839103
4894,2.3402424285923047
4895,5.551758673063875
4896,4.680290168994715
4897,9.588247505834769
4898,8.63422511800579
4899,5.2490496937518305
4900,11.59483943465918
4901,11.496466402363012
4902,7.511979685704411
4903,1.0118446638810483
4904,19.004455614557152
4905,2.698476173915896
4906,9.569003780362197
4907,68.8621124563017
4908,8.593792196532378
4909,6.215593374917596
4910,1.538571170049598
4911,1.6137625146007593
4912,6.093788728090099
4913,3.2818514500751608
4914,15.855080148067639
4915,12.724093471250706
4916,2.2576491865834996
4917,1.712085114863686
4918,5.276516608346334
4919,9.658299575083678
4920,11.509637116568335
4921,5.564364977408565
4922,5.7438980867259115
4923,9.178703677614175
4924,3.189578463405808
4925,0.7583437587990072
4926,4.412157006010404
4927,6.058109969277943
4928,12.67867861956724
4929,2.5724073100448046
4930,0.17510466059375743
4931,10.187092140819855
4932,2.1432171264352373
4933,49.492872582587715
4934,9.940202147765621
4935,0.9903648179122939
4936,6.159998480147884
4937,4.222190427468654
4938,85.89093605101847
4939,14.70343370859067
4940,9.89623842161013
4941,49.45346886578337
4942,30.882873577578216
4943,2.6744098748091103
4944,1.5272252321114863
4945,13.805263854605636
4946,11.49099262394972
4947,3.6327925404736674
4948,4.857736679273907
4949,4.742677863054228
4950,1.1796356936455783
4951,23.239170049285562
4952,2.462829779993533
4953,4.28957923244208
4954,12.15970999219352
4955,4.352944073448017
4956,45.70474421563204
4957,-0.41955713600823547
4958,11.59471016397724
4959,43.360931367339575
4960,1.5808624486042862
4961,12.196613581384538
4962,8.681499084349843
4963,13.061987143786139
4964,13.503672534580128
4965,3.69135824800808
4966,4.87785090149102
4967,11.206356681708717
4968,8.620640194177845
4969,3.3505836127695625
4970,6.764967593561373
4971,8.144108035535996
4972,9.30123241276156
4973,6.607969239101189
4974,3.985822269791891
4975,6.869906519015932
4976,0.4611519499995076
4977,-0.42822674344654743
4978,4.462103617573909
4979,4.396115523688584
4980,4.0332182159457455
4981,4.6790454113146875
4982,6.815285871153514
4983,7.075232376975491
4984,70.40380961626272
4985,3.0781420344860715
4986,36.071256172592676
4987,8.054453245819897
4988,13.466991105077787
4989,2.1074348950420347
4990,5.957723520504344
4991,73.52454817315694
4992,3.136981393851584
4993,4.9428612060038795
4994,14.410740574198481
4995,12.132276538102625
4996,-0.44184816110004993
4997,9.36839706922863
4998,13.072119656295198
4999,7.546343744645904
5000,13.259389971250211
